<svg width="44" height="25" viewBox="0 0 44 25" fill="none" xmlns="http://www.w3.org/2000/svg">
    <path
        d="M4.329 9.1C3.523 9.1 2.81233 8.905 2.197 8.515C1.59033 8.125 1.12233 7.59633 0.793 6.929C0.463667 6.253 0.299 5.50333 0.299 4.68C0.299 3.83067 0.476667 3.04633 0.832 2.327C1.196 1.60767 1.68567 1.04 2.301 0.624C2.925 0.208 3.601 0 4.329 0C5.02233 0 5.629 0.0996667 6.149 0.299C6.67767 0.489666 7.06767 0.736666 7.319 1.04C7.46633 1.222 7.55733 1.46467 7.592 1.768C7.62667 2.06267 7.644 2.47 7.644 2.99H7.384C7.21933 2.14933 6.916 1.52967 6.474 1.131C6.032 0.723666 5.447 0.52 4.719 0.52C3.783 0.52 3.029 0.849333 2.457 1.508C1.885 2.16667 1.599 3.224 1.599 4.68C1.599 5.36467 1.70733 6.00167 1.924 6.591C2.14933 7.18033 2.496 7.66133 2.964 8.034C3.432 8.398 4.017 8.58 4.719 8.58C5.35167 8.58 5.902 8.42833 6.37 8.125C6.84667 7.82167 7.27133 7.36667 7.644 6.76L7.904 6.955C7.50533 7.735 7.01133 8.28967 6.422 8.619C5.84133 8.93967 5.14367 9.1 4.329 9.1Z"
        fill="white" />
    <path
        d="M11.5315 8.97C10.8815 8.97 10.3485 8.79667 9.93251 8.45C9.52518 8.10333 9.32151 7.49667 9.32151 6.63V4.29C9.32151 3.848 9.26084 3.523 9.13951 3.315C9.01817 3.09833 8.77551 2.99 8.41151 2.99H8.28151V2.73H9.32151C9.64218 2.73 9.88051 2.77333 10.0365 2.86C10.2012 2.938 10.3182 3.08533 10.3875 3.302C10.4568 3.51867 10.4915 3.848 10.4915 4.29V6.63C10.4915 7.23667 10.6258 7.683 10.8945 7.969C11.1718 8.24633 11.5142 8.385 11.9215 8.385C12.3808 8.385 12.8142 8.15533 13.2215 7.696V2.73H14.3915V8.84H13.7415L13.2865 8.32H13.2215C13.0395 8.502 12.8012 8.658 12.5065 8.788C12.2205 8.90933 11.8955 8.97 11.5315 8.97Z"
        fill="white" />
    <path
        d="M16.3175 1.82C16.3175 1.378 16.2569 1.053 16.1355 0.845C16.0142 0.628333 15.7715 0.52 15.4075 0.52H15.1475V0.26H16.3175C16.6382 0.26 16.8765 0.303333 17.0325 0.39C17.1972 0.468 17.3142 0.615333 17.3835 0.831999C17.4529 1.04867 17.4875 1.378 17.4875 1.82V8.84H16.3175V1.82Z"
        fill="white" />
    <path
        d="M21.221 8.97C20.7356 8.97 20.3543 8.83133 20.077 8.554C19.7996 8.27667 19.661 7.852 19.661 7.28V3.25H18.751V2.73H19.661V1.56L20.311 0.78H20.831V2.73H22.391V3.25H20.831V7.28C20.831 8.06 21.1343 8.45 21.741 8.45C21.949 8.45 22.1223 8.42833 22.261 8.385C22.4083 8.34167 22.56 8.27667 22.716 8.19L22.846 8.45C22.6466 8.59733 22.4256 8.723 22.183 8.827C21.9403 8.92233 21.6196 8.97 21.221 8.97Z"
        fill="white" />
    <path
        d="M26.0296 8.97C25.3796 8.97 24.8466 8.79667 24.4306 8.45C24.0232 8.10333 23.8196 7.49667 23.8196 6.63V4.29C23.8196 3.848 23.7589 3.523 23.6376 3.315C23.5162 3.09833 23.2736 2.99 22.9096 2.99H22.7796V2.73H23.8196C24.1402 2.73 24.3786 2.77333 24.5346 2.86C24.6992 2.938 24.8162 3.08533 24.8856 3.302C24.9549 3.51867 24.9896 3.848 24.9896 4.29V6.63C24.9896 7.23667 25.1239 7.683 25.3926 7.969C25.6699 8.24633 26.0122 8.385 26.4196 8.385C26.8789 8.385 27.3122 8.15533 27.7196 7.696V2.73H28.8896V8.84H28.2396L27.7846 8.32H27.7196C27.5376 8.502 27.2992 8.658 27.0046 8.788C26.7186 8.90933 26.3936 8.97 26.0296 8.97Z"
        fill="white" />
    <path
        d="M30.8676 4.29C30.8676 3.848 30.8069 3.523 30.6856 3.315C30.5643 3.09833 30.3216 2.99 29.9576 2.99H29.8276V2.73H30.8676C31.1969 2.73 31.4439 2.77767 31.6086 2.873C31.7819 2.95967 31.9033 3.107 31.9726 3.315H32.0376C32.1936 3.11567 32.4016 2.94667 32.6616 2.808C32.9303 2.66933 33.2423 2.6 33.5976 2.6C33.9443 2.6 34.2043 2.665 34.3776 2.795C34.5249 2.90767 34.6766 3.10267 34.8326 3.38L34.3126 3.77C34.2173 3.64 34.0786 3.54467 33.8966 3.484C33.7146 3.41467 33.5066 3.38 33.2726 3.38C33.0126 3.38 32.7743 3.44067 32.5576 3.562C32.3409 3.67467 32.1676 3.83067 32.0376 4.03V8.84H30.8676V4.29Z"
        fill="white" />
    <path
        d="M37.3866 8.97C37.1092 8.97 36.8276 8.91367 36.5416 8.801C36.2556 8.67967 36.0086 8.48467 35.8006 8.216C35.6012 7.94733 35.5016 7.592 35.5016 7.15C35.5016 6.49133 35.8049 6.02333 36.4116 5.746C37.0269 5.46867 37.8286 5.33 38.8166 5.33H39.2066C39.2066 4.48067 39.0896 3.9 38.8556 3.588C38.6216 3.276 38.2836 3.12 37.8416 3.12C37.4516 3.12 37.1396 3.20233 36.9056 3.367C36.6716 3.53167 36.5069 3.81767 36.4116 4.225H35.8266C35.8266 3.93033 35.8439 3.70067 35.8786 3.536C35.9132 3.36267 36.0042 3.20233 36.1516 3.055C36.3076 2.899 36.5632 2.78633 36.9186 2.717C37.2826 2.639 37.6769 2.6 38.1016 2.6C38.8036 2.6 39.3582 2.79067 39.7656 3.172C40.1729 3.54467 40.3766 4.264 40.3766 5.33V8.84H39.7266L39.2716 8.255H39.2066C39.0506 8.45433 38.8209 8.62333 38.5176 8.762C38.2142 8.90067 37.8372 8.97 37.3866 8.97ZM37.9716 8.385C38.2576 8.385 38.4959 8.31567 38.6866 8.177C38.8772 8.03833 39.0506 7.84767 39.2066 7.605V5.85H38.8166C38.1752 5.85 37.6682 5.97133 37.2956 6.214C36.9229 6.448 36.7366 6.76 36.7366 7.15C36.7366 7.54867 36.8536 7.85633 37.0876 8.073C37.3302 8.281 37.6249 8.385 37.9716 8.385Z"
        fill="white" />
    <path
        d="M42.2414 1.82C42.2414 1.378 42.1807 1.053 42.0594 0.845C41.938 0.628333 41.6954 0.52 41.3314 0.52H41.0714V0.26H42.2414C42.562 0.26 42.8004 0.303333 42.9564 0.39C43.121 0.468 43.238 0.615333 43.3074 0.831999C43.3767 1.04867 43.4114 1.378 43.4114 1.82V8.84H42.2414V1.82Z"
        fill="white" />
    <path
        d="M3.055 16.78H1.885C0.801667 16.78 0.26 17.2783 0.26 18.275H0V17.3C0 16.6067 0.368333 16.26 1.105 16.26H7.15V16.78H4.225V24.84H3.055V16.78Z"
        fill="white" />
    <path
        d="M9.63391 24.97C9.04458 24.97 8.53325 24.8313 8.09991 24.554C7.66658 24.268 7.33725 23.8823 7.11191 23.397C6.88658 22.9117 6.77391 22.3743 6.77391 21.785C6.77391 21.1957 6.88658 20.6583 7.11191 20.173C7.33725 19.6877 7.66658 19.3063 8.09991 19.029C8.53325 18.743 9.04458 18.6 9.63391 18.6C10.2232 18.6 10.7346 18.743 11.1679 19.029C11.6012 19.3063 11.9306 19.6877 12.1559 20.173C12.3812 20.6583 12.4939 21.1957 12.4939 21.785C12.4939 22.3743 12.3812 22.9117 12.1559 23.397C11.9306 23.8823 11.6012 24.268 11.1679 24.554C10.7346 24.8313 10.2232 24.97 9.63391 24.97ZM9.63391 24.45C9.95458 24.45 10.2362 24.333 10.4789 24.099C10.7302 23.865 10.9209 23.5443 11.0509 23.137C11.1896 22.7297 11.2589 22.279 11.2589 21.785C11.2589 21.291 11.1896 20.8403 11.0509 20.433C10.9209 20.0257 10.7302 19.705 10.4789 19.471C10.2362 19.237 9.95458 19.12 9.63391 19.12C9.31325 19.12 9.02725 19.237 8.77591 19.471C8.53325 19.705 8.34258 20.0257 8.20391 20.433C8.07391 20.8403 8.00891 21.291 8.00891 21.785C8.00891 22.279 8.07391 22.7297 8.20391 23.137C8.34258 23.5443 8.53325 23.865 8.77591 24.099C9.02725 24.333 9.31325 24.45 9.63391 24.45Z"
        fill="white" />
    <path
        d="M16.2415 24.97C15.5915 24.97 15.0585 24.7967 14.6425 24.45C14.2351 24.1033 14.0315 23.4967 14.0315 22.63V20.29C14.0315 19.848 13.9708 19.523 13.8495 19.315C13.7281 19.0983 13.4855 18.99 13.1215 18.99H12.9915V18.73H14.0315C14.3521 18.73 14.5905 18.7733 14.7465 18.86C14.9111 18.938 15.0281 19.0853 15.0975 19.302C15.1668 19.5187 15.2015 19.848 15.2015 20.29V22.63C15.2015 23.2367 15.3358 23.683 15.6045 23.969C15.8818 24.2463 16.2241 24.385 16.6315 24.385C17.0908 24.385 17.5241 24.1553 17.9315 23.696V18.73H19.1015V24.84H18.4515L17.9965 24.32H17.9315C17.7495 24.502 17.5111 24.658 17.2165 24.788C16.9305 24.9093 16.6055 24.97 16.2415 24.97Z"
        fill="white" />
    <path
        d="M21.0795 20.29C21.0795 19.848 21.0188 19.523 20.8975 19.315C20.7762 19.0983 20.5335 18.99 20.1695 18.99H20.0395V18.73H21.0795C21.4088 18.73 21.6558 18.7777 21.8205 18.873C21.9938 18.9597 22.1152 19.107 22.1845 19.315H22.2495C22.4055 19.1157 22.6135 18.9467 22.8735 18.808C23.1422 18.6693 23.4542 18.6 23.8095 18.6C24.1562 18.6 24.4162 18.665 24.5895 18.795C24.7368 18.9077 24.8885 19.1027 25.0445 19.38L24.5245 19.77C24.4292 19.64 24.2905 19.5447 24.1085 19.484C23.9265 19.4147 23.7185 19.38 23.4845 19.38C23.2245 19.38 22.9862 19.4407 22.7695 19.562C22.5528 19.6747 22.3795 19.8307 22.2495 20.03V24.84H21.0795V20.29Z"
        fill="white" />
    <path
        d="M26.8315 17.95C26.6322 17.95 26.4588 17.8677 26.3115 17.703C26.1728 17.5383 26.1035 17.3433 26.1035 17.118C26.1035 16.936 26.1555 16.793 26.2595 16.689C26.3722 16.585 26.5195 16.533 26.7015 16.533C26.9008 16.533 27.0698 16.6153 27.2085 16.78C27.3558 16.9447 27.4295 17.1397 27.4295 17.365C27.4295 17.547 27.3732 17.69 27.2605 17.794C27.1565 17.898 27.0135 17.95 26.8315 17.95ZM26.3375 20.29C26.3375 19.848 26.2768 19.523 26.1555 19.315C26.0342 19.0983 25.7915 18.99 25.4275 18.99H25.1675V18.73H26.3375C26.6582 18.73 26.8965 18.7733 27.0525 18.86C27.2172 18.938 27.3342 19.0853 27.4035 19.302C27.4728 19.5187 27.5075 19.848 27.5075 20.29V24.84H26.3375V20.29Z"
        fill="white" />
    <path
        d="M31.3827 24.97C30.386 24.97 29.7144 24.7967 29.3677 24.45C29.2204 24.3027 29.1294 24.138 29.0947 23.956C29.06 23.7653 29.0427 23.475 29.0427 23.085H29.3027C29.3807 23.5183 29.567 23.8563 29.8617 24.099C30.165 24.333 30.5854 24.45 31.1227 24.45C31.5994 24.45 31.9547 24.3677 32.1887 24.203C32.4314 24.0383 32.5527 23.8173 32.5527 23.54C32.5527 23.2887 32.4574 23.072 32.2667 22.89C32.0847 22.708 31.79 22.5347 31.3827 22.37L30.6027 22.045C30.0827 21.837 29.6927 21.5943 29.4327 21.317C29.1727 21.0397 29.0427 20.6973 29.0427 20.29C29.0427 19.7613 29.242 19.3497 29.6407 19.055C30.0394 18.7517 30.555 18.6 31.1877 18.6C32.141 18.6 32.791 18.7733 33.1377 19.12C33.285 19.2673 33.376 19.432 33.4107 19.614C33.4454 19.796 33.4627 20.0863 33.4627 20.485H33.2027C33.1334 20.0517 32.9514 19.718 32.6567 19.484C32.362 19.2413 31.959 19.12 31.4477 19.12C31.0404 19.12 30.7197 19.2067 30.4857 19.38C30.2604 19.5447 30.1477 19.7613 30.1477 20.03C30.1477 20.4807 30.4944 20.849 31.1877 21.135L31.9677 21.46C32.557 21.7027 32.986 21.9627 33.2547 22.24C33.5234 22.5087 33.6577 22.8553 33.6577 23.28C33.6577 23.8087 33.4454 24.2247 33.0207 24.528C32.596 24.8227 32.05 24.97 31.3827 24.97Z"
        fill="white" />
    <path
        d="M35.3385 20.29C35.3385 19.848 35.2778 19.523 35.1565 19.315C35.0351 19.0983 34.7925 18.99 34.4285 18.99H34.1685V18.73H35.3385C35.6591 18.73 35.9018 18.7733 36.0665 18.86C36.2398 18.9467 36.3655 19.0767 36.4435 19.25H36.5085C36.6905 19.068 36.9245 18.9163 37.2105 18.795C37.5051 18.665 37.8345 18.6 38.1985 18.6C38.5625 18.6 38.8745 18.6693 39.1345 18.808C39.3945 18.938 39.6025 19.172 39.7585 19.51C39.9838 19.224 40.2698 19.003 40.6165 18.847C40.9718 18.6823 41.3358 18.6 41.7085 18.6C42.2631 18.6 42.7051 18.7733 43.0345 19.12C43.3638 19.4667 43.5285 20.0733 43.5285 20.94V24.84H42.3585V20.94C42.3585 20.316 42.2718 19.8697 42.0985 19.601C41.9251 19.3237 41.6651 19.185 41.3185 19.185C41.0758 19.185 40.8201 19.276 40.5515 19.458C40.2828 19.6313 40.0835 19.822 39.9535 20.03C39.9968 20.16 40.0185 20.4633 40.0185 20.94V24.84H38.8485V20.94C38.8485 20.316 38.7618 19.8697 38.5885 19.601C38.4151 19.3237 38.1551 19.185 37.8085 19.185C37.3491 19.185 36.9158 19.4147 36.5085 19.874V24.84H35.3385V20.29Z"
        fill="white" />
</svg>
    