<svg width="65" height="27" viewBox="0 0 65 27" fill="none" xmlns="http://www.w3.org/2000/svg">
    <path
        d="M5.304 0C5.34733 0 5.382 0.0173333 5.408 0.052C5.44267 0.0780002 5.46 0.112667 5.46 0.156V1.417C5.46 1.46033 5.44267 1.49933 5.408 1.534C5.382 1.56 5.34733 1.573 5.304 1.573H3.679C3.63567 1.573 3.614 1.59467 3.614 1.638V8.944C3.614 8.98733 3.59667 9.02633 3.562 9.061C3.536 9.087 3.50133 9.1 3.458 9.1H1.937C1.89367 9.1 1.85467 9.087 1.82 9.061C1.794 9.02633 1.781 8.98733 1.781 8.944V1.638C1.781 1.59467 1.75933 1.573 1.716 1.573H0.156C0.112667 1.573 0.0736667 1.56 0.039 1.534C0.013 1.49933 0 1.46033 0 1.417V0.156C0 0.112667 0.013 0.0780002 0.039 0.052C0.0736667 0.0173333 0.112667 0 0.156 0H5.304Z"
        fill="white" />
    <path
        d="M10.1847 6.175C10.1847 6.21833 10.1674 6.25733 10.1327 6.292C10.1067 6.318 10.072 6.331 10.0287 6.331H7.16869C7.12535 6.331 7.10369 6.35267 7.10369 6.396V6.877C7.10369 7.09367 7.16002 7.27567 7.27269 7.423C7.39402 7.56167 7.54569 7.631 7.72769 7.631C7.89235 7.631 8.02669 7.579 8.13069 7.475C8.23469 7.36233 8.30402 7.22367 8.33869 7.059C8.36469 6.97233 8.42102 6.929 8.50769 6.929L10.0027 7.007C10.046 7.007 10.0807 7.02433 10.1067 7.059C10.1414 7.085 10.1544 7.124 10.1457 7.176C10.085 7.84333 9.85102 8.35033 9.44369 8.697C9.04502 9.035 8.47302 9.204 7.72769 9.204C6.95635 9.204 6.35402 9.01333 5.92069 8.632C5.48735 8.242 5.27069 7.70467 5.27069 7.02V4.498C5.27069 3.83933 5.48735 3.31067 5.92069 2.912C6.36269 2.51333 6.96502 2.314 7.72769 2.314C8.49036 2.314 9.08835 2.51333 9.52169 2.912C9.96369 3.31067 10.1847 3.83933 10.1847 4.498V6.175ZM7.72769 3.887C7.54569 3.887 7.39402 3.95633 7.27269 4.095C7.16002 4.23367 7.10369 4.41133 7.10369 4.628V5.135C7.10369 5.17833 7.12535 5.2 7.16869 5.2H8.28669C8.33002 5.2 8.35169 5.17833 8.35169 5.135V4.628C8.35169 4.41133 8.29102 4.23367 8.16969 4.095C8.05702 3.95633 7.90969 3.887 7.72769 3.887Z"
        fill="white" />
    <path
        d="M14.1308 2.314C14.7201 2.314 15.1621 2.509 15.4568 2.899C15.7515 3.289 15.8988 3.835 15.8988 4.537V8.944C15.8988 8.98733 15.8815 9.02633 15.8468 9.061C15.8208 9.087 15.7861 9.1 15.7428 9.1H14.2218C14.1785 9.1 14.1395 9.087 14.1048 9.061C14.0788 9.02633 14.0658 8.98733 14.0658 8.944V4.68C14.0658 4.42867 14.0138 4.23367 13.9098 4.095C13.8145 3.95633 13.6715 3.887 13.4808 3.887C13.2815 3.887 13.1255 3.96067 13.0128 4.108C12.9088 4.24667 12.8568 4.446 12.8568 4.706V8.944C12.8568 8.98733 12.8395 9.02633 12.8048 9.061C12.7788 9.087 12.7441 9.1 12.7008 9.1H11.1798C11.1365 9.1 11.0975 9.087 11.0628 9.061C11.0368 9.02633 11.0238 8.98733 11.0238 8.944V2.574C11.0238 2.53067 11.0368 2.496 11.0628 2.47C11.0975 2.43533 11.1365 2.418 11.1798 2.418H12.7008C12.7441 2.418 12.7788 2.43533 12.8048 2.47C12.8395 2.496 12.8568 2.53067 12.8568 2.574V2.821C12.8568 2.847 12.8655 2.86 12.8828 2.86C12.9088 2.86 12.9391 2.84267 12.9738 2.808C13.2511 2.47867 13.6368 2.314 14.1308 2.314Z"
        fill="white" />
    <path
        d="M19.2043 9.204C18.4416 9.204 17.8392 9.009 17.3972 8.619C16.9639 8.229 16.7472 7.696 16.7472 7.02V4.498C16.7472 3.83933 16.9639 3.31067 17.3972 2.912C17.8392 2.51333 18.4416 2.314 19.2043 2.314C19.9669 2.314 20.5649 2.509 20.9982 2.899C21.4402 3.289 21.6612 3.796 21.6612 4.42V4.654C21.6612 4.69733 21.6439 4.73633 21.6093 4.771C21.5833 4.797 21.5486 4.81 21.5052 4.81L19.9842 4.875C19.8802 4.875 19.8282 4.823 19.8282 4.719V4.563C19.8282 4.37233 19.7676 4.212 19.6462 4.082C19.5336 3.952 19.3863 3.887 19.2043 3.887C19.0136 3.887 18.8619 3.95633 18.7493 4.095C18.6366 4.23367 18.5802 4.41567 18.5802 4.641V6.877C18.5802 7.10233 18.6366 7.28433 18.7493 7.423C18.8619 7.56167 19.0136 7.631 19.2043 7.631C19.3863 7.631 19.5336 7.566 19.6462 7.436C19.7676 7.29733 19.8282 7.137 19.8282 6.955V6.786C19.8282 6.74267 19.8413 6.708 19.8673 6.682C19.9019 6.64733 19.9409 6.63 19.9842 6.63L21.5052 6.643C21.5486 6.643 21.5833 6.66033 21.6093 6.695C21.6439 6.721 21.6612 6.75567 21.6612 6.799V7.098C21.6612 7.73933 21.4402 8.25067 20.9982 8.632C20.5649 9.01333 19.9669 9.204 19.2043 9.204Z"
        fill="white" />
    <path
        d="M27.298 6.175C27.298 6.21833 27.2806 6.25733 27.246 6.292C27.22 6.318 27.1853 6.331 27.142 6.331H24.282C24.2386 6.331 24.217 6.35267 24.217 6.396V6.877C24.217 7.09367 24.2733 7.27567 24.386 7.423C24.5073 7.56167 24.659 7.631 24.841 7.631C25.0056 7.631 25.14 7.579 25.244 7.475C25.348 7.36233 25.4173 7.22367 25.452 7.059C25.478 6.97233 25.5343 6.929 25.621 6.929L27.116 7.007C27.1593 7.007 27.194 7.02433 27.22 7.059C27.2546 7.085 27.2676 7.124 27.259 7.176C27.1983 7.84333 26.9643 8.35033 26.557 8.697C26.1583 9.035 25.5863 9.204 24.841 9.204C24.0696 9.204 23.4673 9.01333 23.034 8.632C22.6006 8.242 22.384 7.70467 22.384 7.02V4.498C22.384 3.83933 22.6006 3.31067 23.034 2.912C23.476 2.51333 24.0783 2.314 24.841 2.314C25.6036 2.314 26.2016 2.51333 26.635 2.912C27.077 3.31067 27.298 3.83933 27.298 4.498V6.175ZM24.841 3.887C24.659 3.887 24.5073 3.95633 24.386 4.095C24.2733 4.23367 24.217 4.41133 24.217 4.628V5.135C24.217 5.17833 24.2386 5.2 24.282 5.2H25.4C25.4433 5.2 25.465 5.17833 25.465 5.135V4.628C25.465 4.41133 25.4043 4.23367 25.283 4.095C25.1703 3.95633 25.023 3.887 24.841 3.887Z"
        fill="white" />
    <path
        d="M31.2441 2.314C31.8334 2.314 32.2754 2.509 32.5701 2.899C32.8647 3.289 33.0121 3.835 33.0121 4.537V8.944C33.0121 8.98733 32.9947 9.02633 32.9601 9.061C32.9341 9.087 32.8994 9.1 32.8561 9.1H31.3351C31.2917 9.1 31.2527 9.087 31.2181 9.061C31.1921 9.02633 31.1791 8.98733 31.1791 8.944V4.68C31.1791 4.42867 31.1271 4.23367 31.0231 4.095C30.9277 3.95633 30.7847 3.887 30.5941 3.887C30.3947 3.887 30.2387 3.96067 30.1261 4.108C30.0221 4.24667 29.9701 4.446 29.9701 4.706V8.944C29.9701 8.98733 29.9527 9.02633 29.9181 9.061C29.8921 9.087 29.8574 9.1 29.8141 9.1H28.2931C28.2497 9.1 28.2107 9.087 28.1761 9.061C28.1501 9.02633 28.1371 8.98733 28.1371 8.944V2.574C28.1371 2.53067 28.1501 2.496 28.1761 2.47C28.2107 2.43533 28.2497 2.418 28.2931 2.418H29.8141C29.8574 2.418 29.8921 2.43533 29.9181 2.47C29.9527 2.496 29.9701 2.53067 29.9701 2.574V2.821C29.9701 2.847 29.9787 2.86 29.9961 2.86C30.0221 2.86 30.0524 2.84267 30.0871 2.808C30.3644 2.47867 30.7501 2.314 31.2441 2.314Z"
        fill="white" />
    <path
        d="M36.9935 3.549C36.9935 3.59233 36.9762 3.63133 36.9415 3.666C36.9155 3.692 36.8809 3.705 36.8375 3.705H36.1095C36.0662 3.705 36.0445 3.72667 36.0445 3.77V6.864C36.0445 7.11533 36.0922 7.28867 36.1875 7.384C36.2829 7.47933 36.4259 7.52267 36.6165 7.514H36.7075C36.7509 7.514 36.7855 7.53133 36.8115 7.566C36.8462 7.592 36.8635 7.62667 36.8635 7.67V8.944C36.8635 8.98733 36.8462 9.02633 36.8115 9.061C36.7855 9.087 36.7509 9.1 36.7075 9.1H36.1875C35.5549 9.1 35.0782 8.996 34.7575 8.788C34.4369 8.57133 34.2765 8.164 34.2765 7.566V3.77C34.2765 3.72667 34.2549 3.705 34.2115 3.705H33.7825C33.7392 3.705 33.7002 3.692 33.6655 3.666C33.6395 3.63133 33.6265 3.59233 33.6265 3.549V2.574C33.6265 2.53067 33.6395 2.496 33.6655 2.47C33.7002 2.43533 33.7392 2.418 33.7825 2.418H34.2115C34.2549 2.418 34.2765 2.39633 34.2765 2.353V0.91C34.2765 0.866667 34.2895 0.832 34.3155 0.806C34.3502 0.771334 34.3892 0.754 34.4325 0.754H35.8885C35.9319 0.754 35.9665 0.771334 35.9925 0.806C36.0272 0.832 36.0445 0.866667 36.0445 0.91V2.353C36.0445 2.39633 36.0662 2.418 36.1095 2.418H36.8375C36.8809 2.418 36.9155 2.43533 36.9415 2.47C36.9762 2.496 36.9935 2.53067 36.9935 2.574V3.549Z"
        fill="white" />
    <path
        d="M2.678 15.896C3.44933 15.896 4.069 16.143 4.537 16.637C5.005 17.1223 5.239 17.7637 5.239 18.561V22.539C5.239 23.1457 5.096 23.67 4.81 24.112C4.53267 24.554 4.147 24.866 3.653 25.048C3.61833 25.0567 3.601 25.0783 3.601 25.113V26.218C3.601 26.2613 3.58367 26.296 3.549 26.322C3.523 26.3567 3.48833 26.374 3.445 26.374H1.924C1.88067 26.374 1.84167 26.3567 1.807 26.322C1.781 26.296 1.768 26.2613 1.768 26.218V25.113C1.768 25.0783 1.75067 25.0567 1.716 25.048C1.222 24.866 0.832 24.554 0.546 24.112C0.268667 23.67 0.13 23.1457 0.13 22.539V18.561C0.13 18.0323 0.234 17.5687 0.442 17.17C0.658667 16.7627 0.957667 16.4507 1.339 16.234C1.729 16.0087 2.17533 15.896 2.678 15.896ZM1.963 22.734C1.963 23.0027 2.028 23.2193 2.158 23.384C2.288 23.5487 2.46133 23.631 2.678 23.631C2.89467 23.631 3.068 23.5487 3.198 23.384C3.33667 23.2193 3.406 23.0027 3.406 22.734V18.366C3.406 18.0973 3.33667 17.8807 3.198 17.716C3.068 17.5513 2.89467 17.469 2.678 17.469C2.46133 17.469 2.288 17.5513 2.158 17.716C2.028 17.8807 1.963 18.0973 1.963 18.366V22.734Z"
        fill="white" />
    <path
        d="M9.16419 18.574C9.16419 18.5307 9.17719 18.496 9.20319 18.47C9.23785 18.4353 9.27685 18.418 9.32019 18.418H10.8412C10.8845 18.418 10.9192 18.4353 10.9452 18.47C10.9799 18.496 10.9972 18.5307 10.9972 18.574V24.944C10.9972 24.9873 10.9799 25.0263 10.9452 25.061C10.9192 25.087 10.8845 25.1 10.8412 25.1H9.32019C9.27685 25.1 9.23785 25.087 9.20319 25.061C9.17719 25.0263 9.16419 24.9873 9.16419 24.944V24.723C9.16419 24.697 9.15552 24.6797 9.13819 24.671C9.12085 24.6623 9.10352 24.671 9.08619 24.697C8.95619 24.879 8.79152 25.009 8.59219 25.087C8.40152 25.1563 8.17619 25.191 7.91619 25.191C7.39619 25.191 6.96719 25.035 6.62919 24.723C6.29119 24.4023 6.12219 23.9127 6.12219 23.254V18.574C6.12219 18.5307 6.13519 18.496 6.16119 18.47C6.19585 18.4353 6.23485 18.418 6.27819 18.418H7.79919C7.84252 18.418 7.87719 18.4353 7.90319 18.47C7.93785 18.496 7.95519 18.5307 7.95519 18.574V22.851C7.95519 23.1023 8.00285 23.2973 8.09819 23.436C8.20219 23.566 8.34952 23.631 8.54019 23.631C8.73085 23.631 8.88252 23.5573 8.99519 23.41C9.10785 23.2627 9.16419 23.0633 9.16419 22.812V18.574Z"
        fill="white" />
    <path
        d="M16.8116 22.175C16.8116 22.2183 16.7943 22.2573 16.7596 22.292C16.7336 22.318 16.699 22.331 16.6556 22.331H13.7956C13.7523 22.331 13.7306 22.3527 13.7306 22.396V22.877C13.7306 23.0937 13.787 23.2757 13.8996 23.423C14.021 23.5617 14.1726 23.631 14.3546 23.631C14.5193 23.631 14.6536 23.579 14.7576 23.475C14.8616 23.3623 14.931 23.2237 14.9656 23.059C14.9916 22.9723 15.048 22.929 15.1346 22.929L16.6296 23.007C16.673 23.007 16.7076 23.0243 16.7336 23.059C16.7683 23.085 16.7813 23.124 16.7726 23.176C16.712 23.8433 16.478 24.3503 16.0706 24.697C15.672 25.035 15.1 25.204 14.3546 25.204C13.5833 25.204 12.981 25.0133 12.5476 24.632C12.1143 24.242 11.8976 23.7047 11.8976 23.02V20.498C11.8976 19.8393 12.1143 19.3107 12.5476 18.912C12.9896 18.5133 13.592 18.314 14.3546 18.314C15.1173 18.314 15.7153 18.5133 16.1486 18.912C16.5906 19.3107 16.8116 19.8393 16.8116 20.498V22.175ZM14.3546 19.887C14.1726 19.887 14.021 19.9563 13.8996 20.095C13.787 20.2337 13.7306 20.4113 13.7306 20.628V21.135C13.7306 21.1783 13.7523 21.2 13.7956 21.2H14.9136C14.957 21.2 14.9786 21.1783 14.9786 21.135V20.628C14.9786 20.4113 14.918 20.2337 14.7966 20.095C14.684 19.9563 14.5366 19.887 14.3546 19.887Z"
        fill="white" />
    <path
        d="M19.8741 25.191C19.1374 25.191 18.5481 25.0177 18.1061 24.671C17.6727 24.3157 17.4561 23.8433 17.4561 23.254V23.163C17.4561 23.1197 17.4691 23.085 17.4951 23.059C17.5297 23.0243 17.5687 23.007 17.6121 23.007H19.0421C19.0854 23.007 19.1201 23.0243 19.1461 23.059C19.1807 23.085 19.1981 23.1197 19.1981 23.163V23.202C19.1981 23.384 19.2631 23.5357 19.3931 23.657C19.5231 23.7697 19.6834 23.826 19.8741 23.826C20.0474 23.826 20.1817 23.7783 20.2771 23.683C20.3811 23.579 20.4331 23.449 20.4331 23.293C20.4331 23.1023 20.3507 22.955 20.1861 22.851C20.0214 22.7383 19.8351 22.6473 19.6271 22.578C19.4277 22.5 19.2891 22.448 19.2111 22.422C18.7344 22.2487 18.3314 22.0103 18.0021 21.707C17.6814 21.395 17.5211 20.9487 17.5211 20.368C17.5211 19.7353 17.7291 19.237 18.1451 18.873C18.5611 18.509 19.1157 18.327 19.8091 18.327C20.5284 18.327 21.0961 18.5177 21.5121 18.899C21.9367 19.2803 22.1491 19.796 22.1491 20.446C22.1491 20.4893 22.1317 20.5283 22.0971 20.563C22.0711 20.589 22.0364 20.602 21.9931 20.602H20.6021C20.5587 20.602 20.5197 20.589 20.4851 20.563C20.4591 20.5283 20.4461 20.4893 20.4461 20.446V20.342C20.4461 20.1687 20.3897 20.03 20.2771 19.926C20.1731 19.8133 20.0344 19.757 19.8611 19.757C19.6791 19.757 19.5361 19.8177 19.4321 19.939C19.3281 20.0517 19.2761 20.186 19.2761 20.342C19.2761 20.55 19.3627 20.7147 19.5361 20.836C19.7181 20.9487 19.9911 21.0743 20.3551 21.213C20.7277 21.3517 21.0441 21.4947 21.3041 21.642C21.5727 21.7807 21.8024 21.9843 21.9931 22.253C22.1837 22.513 22.2791 22.8423 22.2791 23.241C22.2791 23.839 22.0581 24.3157 21.6161 24.671C21.1827 25.0177 20.6021 25.191 19.8741 25.191Z"
        fill="white" />
    <path
        d="M26.0375 19.549C26.0375 19.5923 26.0201 19.6313 25.9855 19.666C25.9595 19.692 25.9248 19.705 25.8815 19.705H25.1535C25.1101 19.705 25.0885 19.7267 25.0885 19.77V22.864C25.0885 23.1153 25.1361 23.2887 25.2315 23.384C25.3268 23.4793 25.4698 23.5227 25.6605 23.514H25.7515C25.7948 23.514 25.8295 23.5313 25.8555 23.566C25.8901 23.592 25.9075 23.6267 25.9075 23.67V24.944C25.9075 24.9873 25.8901 25.0263 25.8555 25.061C25.8295 25.087 25.7948 25.1 25.7515 25.1H25.2315C24.5988 25.1 24.1221 24.996 23.8015 24.788C23.4808 24.5713 23.3205 24.164 23.3205 23.566V19.77C23.3205 19.7267 23.2988 19.705 23.2555 19.705H22.8265C22.7831 19.705 22.7441 19.692 22.7095 19.666C22.6835 19.6313 22.6705 19.5923 22.6705 19.549V18.574C22.6705 18.5307 22.6835 18.496 22.7095 18.47C22.7441 18.4353 22.7831 18.418 22.8265 18.418H23.2555C23.2988 18.418 23.3205 18.3963 23.3205 18.353V16.91C23.3205 16.8667 23.3335 16.832 23.3595 16.806C23.3941 16.7713 23.4331 16.754 23.4765 16.754H24.9325C24.9758 16.754 25.0105 16.7713 25.0365 16.806C25.0711 16.832 25.0885 16.8667 25.0885 16.91V18.353C25.0885 18.3963 25.1101 18.418 25.1535 18.418H25.8815C25.9248 18.418 25.9595 18.4353 25.9855 18.47C26.0201 18.496 26.0375 18.5307 26.0375 18.574V19.549Z"
        fill="white" />
    <path
        d="M27.7017 17.664C27.407 17.664 27.16 17.5687 26.9607 17.378C26.77 17.1787 26.6747 16.9317 26.6747 16.637C26.6747 16.3337 26.77 16.0867 26.9607 15.896C27.1513 15.7053 27.3983 15.61 27.7017 15.61C28.005 15.61 28.2477 15.7053 28.4297 15.896C28.6203 16.0867 28.7157 16.3337 28.7157 16.637C28.7157 16.9317 28.6203 17.1787 28.4297 17.378C28.239 17.5687 27.9963 17.664 27.7017 17.664ZM26.9607 25.1C26.9173 25.1 26.8783 25.087 26.8437 25.061C26.8177 25.0263 26.8047 24.9873 26.8047 24.944V18.574C26.8047 18.5307 26.8177 18.496 26.8437 18.47C26.8783 18.4353 26.9173 18.418 26.9607 18.418H28.4817C28.525 18.418 28.5597 18.4353 28.5857 18.47C28.6203 18.496 28.6377 18.5307 28.6377 18.574V24.944C28.6377 24.9873 28.6203 25.0263 28.5857 25.061C28.5597 25.087 28.525 25.1 28.4817 25.1H26.9607Z"
        fill="white" />
    <path
        d="M32.0014 25.204C31.2301 25.204 30.6234 25.009 30.1814 24.619C29.7481 24.229 29.5314 23.696 29.5314 23.02V20.498C29.5314 19.8393 29.7524 19.3107 30.1944 18.912C30.6364 18.5133 31.2388 18.314 32.0014 18.314C32.7728 18.314 33.3794 18.5133 33.8214 18.912C34.2634 19.3107 34.4844 19.8393 34.4844 20.498V23.02C34.4844 23.696 34.2634 24.229 33.8214 24.619C33.3881 25.009 32.7814 25.204 32.0014 25.204ZM32.0014 23.618C32.1921 23.618 32.3481 23.5487 32.4694 23.41C32.5908 23.2713 32.6514 23.0937 32.6514 22.877V20.628C32.6514 20.4113 32.5908 20.2337 32.4694 20.095C32.3481 19.9563 32.1921 19.887 32.0014 19.887C31.8108 19.887 31.6548 19.9563 31.5334 20.095C31.4208 20.2337 31.3644 20.4113 31.3644 20.628V22.877C31.3644 23.0937 31.4208 23.2713 31.5334 23.41C31.6548 23.5487 31.8108 23.618 32.0014 23.618Z"
        fill="white" />
    <path
        d="M38.4804 18.314C39.0697 18.314 39.5117 18.509 39.8064 18.899C40.1011 19.289 40.2484 19.835 40.2484 20.537V24.944C40.2484 24.9873 40.2311 25.0263 40.1964 25.061C40.1704 25.087 40.1357 25.1 40.0924 25.1H38.5714C38.5281 25.1 38.4891 25.087 38.4544 25.061C38.4284 25.0263 38.4154 24.9873 38.4154 24.944V20.68C38.4154 20.4287 38.3634 20.2337 38.2594 20.095C38.1641 19.9563 38.0211 19.887 37.8304 19.887C37.6311 19.887 37.4751 19.9607 37.3624 20.108C37.2584 20.2467 37.2064 20.446 37.2064 20.706V24.944C37.2064 24.9873 37.1891 25.0263 37.1544 25.061C37.1284 25.087 37.0937 25.1 37.0504 25.1H35.5294C35.4861 25.1 35.4471 25.087 35.4124 25.061C35.3864 25.0263 35.3734 24.9873 35.3734 24.944V18.574C35.3734 18.5307 35.3864 18.496 35.4124 18.47C35.4471 18.4353 35.4861 18.418 35.5294 18.418H37.0504C37.0937 18.418 37.1284 18.4353 37.1544 18.47C37.1891 18.496 37.2064 18.5307 37.2064 18.574V18.821C37.2064 18.847 37.2151 18.86 37.2324 18.86C37.2584 18.86 37.2887 18.8427 37.3234 18.808C37.6007 18.4787 37.9864 18.314 38.4804 18.314Z"
        fill="white" />
    <path
        d="M44.2949 18.314C44.8842 18.314 45.3262 18.509 45.6209 18.899C45.9155 19.289 46.0629 19.835 46.0629 20.537V24.944C46.0629 24.9873 46.0455 25.0263 46.0109 25.061C45.9849 25.087 45.9502 25.1 45.9069 25.1H44.3859C44.3425 25.1 44.3035 25.087 44.2689 25.061C44.2429 25.0263 44.2299 24.9873 44.2299 24.944V20.68C44.2299 20.4287 44.1779 20.2337 44.0739 20.095C43.9785 19.9563 43.8355 19.887 43.6449 19.887C43.4455 19.887 43.2895 19.9607 43.1769 20.108C43.0729 20.2467 43.0209 20.446 43.0209 20.706V24.944C43.0209 24.9873 43.0035 25.0263 42.9689 25.061C42.9429 25.087 42.9082 25.1 42.8649 25.1H41.3439C41.3005 25.1 41.2615 25.087 41.2269 25.061C41.2009 25.0263 41.1879 24.9873 41.1879 24.944V18.574C41.1879 18.5307 41.2009 18.496 41.2269 18.47C41.2615 18.4353 41.3005 18.418 41.3439 18.418H42.8649C42.9082 18.418 42.9429 18.4353 42.9689 18.47C43.0035 18.496 43.0209 18.5307 43.0209 18.574V18.821C43.0209 18.847 43.0295 18.86 43.0469 18.86C43.0729 18.86 43.1032 18.8427 43.1379 18.808C43.4152 18.4787 43.8009 18.314 44.2949 18.314Z"
        fill="white" />
    <path
        d="M49.4203 18.314C50.157 18.314 50.755 18.5133 51.2143 18.912C51.6736 19.3107 51.9033 19.835 51.9033 20.485V24.944C51.9033 24.9873 51.886 25.0263 51.8513 25.061C51.8253 25.087 51.7906 25.1 51.7473 25.1H50.2263C50.183 25.1 50.144 25.087 50.1093 25.061C50.0833 25.0263 50.0703 24.9873 50.0703 24.944V24.658C50.0703 24.632 50.0616 24.6147 50.0443 24.606C50.027 24.5973 50.0096 24.606 49.9923 24.632C49.7063 24.996 49.2643 25.1867 48.6663 25.204C48.1636 25.204 47.726 25.0653 47.3533 24.788C46.9893 24.5107 46.8073 23.982 46.8073 23.202C46.8073 22.396 47.0283 21.8413 47.4703 21.538C47.921 21.2347 48.5666 21.083 49.4073 21.083H50.0053C50.0486 21.083 50.0703 21.0613 50.0703 21.018V20.693C50.0703 20.459 50.0053 20.2683 49.8753 20.121C49.754 19.965 49.598 19.887 49.4073 19.887C49.26 19.887 49.1343 19.9347 49.0303 20.03C48.935 20.1167 48.8743 20.2423 48.8483 20.407C48.8396 20.511 48.7833 20.563 48.6793 20.563L47.1193 20.55C47.0153 20.55 46.9633 20.498 46.9633 20.394C47.0066 19.7613 47.2536 19.2587 47.7043 18.886C48.155 18.5047 48.727 18.314 49.4203 18.314ZM49.2903 23.787C49.4896 23.787 49.6673 23.722 49.8233 23.592C49.988 23.4533 50.0703 23.2713 50.0703 23.046V22.435C50.0703 22.3917 50.0486 22.37 50.0053 22.37H49.4723C49.2383 22.37 49.0476 22.4393 48.9003 22.578C48.7616 22.708 48.6923 22.89 48.6923 23.124C48.6923 23.3407 48.7443 23.5053 48.8483 23.618C48.961 23.7307 49.1083 23.787 49.2903 23.787Z"
        fill="white" />
    <path
        d="M53.7271 17.664C53.4324 17.664 53.1854 17.5687 52.9861 17.378C52.7954 17.1787 52.7001 16.9317 52.7001 16.637C52.7001 16.3337 52.7954 16.0867 52.9861 15.896C53.1767 15.7053 53.4237 15.61 53.7271 15.61C54.0304 15.61 54.2731 15.7053 54.4551 15.896C54.6457 16.0867 54.7411 16.3337 54.7411 16.637C54.7411 16.9317 54.6457 17.1787 54.4551 17.378C54.2644 17.5687 54.0217 17.664 53.7271 17.664ZM52.9861 25.1C52.9427 25.1 52.9037 25.087 52.8691 25.061C52.8431 25.0263 52.8301 24.9873 52.8301 24.944V18.574C52.8301 18.5307 52.8431 18.496 52.8691 18.47C52.9037 18.4353 52.9427 18.418 52.9861 18.418H54.5071C54.5504 18.418 54.5851 18.4353 54.6111 18.47C54.6457 18.496 54.6631 18.5307 54.6631 18.574V24.944C54.6631 24.9873 54.6457 25.0263 54.6111 25.061C54.5851 25.087 54.5504 25.1 54.5071 25.1H52.9861Z"
        fill="white" />
    <path
        d="M58.6378 18.34C58.8718 18.34 59.0538 18.3833 59.1838 18.47C59.2532 18.5133 59.2792 18.5783 59.2618 18.665L59.0148 20.186C59.0062 20.2813 58.9455 20.316 58.8328 20.29C58.7375 20.2553 58.6205 20.238 58.4818 20.238C58.3518 20.238 58.2392 20.2553 58.1438 20.29C57.9445 20.3247 57.7842 20.446 57.6628 20.654C57.5415 20.8533 57.4808 21.0873 57.4808 21.356V24.931C57.4808 24.9743 57.4635 25.0133 57.4288 25.048C57.4028 25.074 57.3682 25.087 57.3248 25.087H55.8038C55.7605 25.087 55.7215 25.074 55.6868 25.048C55.6608 25.0133 55.6478 24.9743 55.6478 24.931V18.574C55.6478 18.5307 55.6608 18.496 55.6868 18.47C55.7215 18.4353 55.7605 18.418 55.8038 18.418H57.3248C57.3682 18.418 57.4028 18.4353 57.4288 18.47C57.4635 18.496 57.4808 18.5307 57.4808 18.574V19.081C57.4808 19.1157 57.4852 19.1373 57.4938 19.146C57.5112 19.146 57.5285 19.133 57.5458 19.107C57.7798 18.5957 58.1438 18.34 58.6378 18.34Z"
        fill="white" />
    <path
        d="M64.5968 22.175C64.5968 22.2183 64.5795 22.2573 64.5448 22.292C64.5188 22.318 64.4841 22.331 64.4408 22.331H61.5808C61.5375 22.331 61.5158 22.3527 61.5158 22.396V22.877C61.5158 23.0937 61.5721 23.2757 61.6848 23.423C61.8061 23.5617 61.9578 23.631 62.1398 23.631C62.3045 23.631 62.4388 23.579 62.5428 23.475C62.6468 23.3623 62.7161 23.2237 62.7508 23.059C62.7768 22.9723 62.8331 22.929 62.9198 22.929L64.4148 23.007C64.4581 23.007 64.4928 23.0243 64.5188 23.059C64.5535 23.085 64.5665 23.124 64.5578 23.176C64.4971 23.8433 64.2631 24.3503 63.8558 24.697C63.4571 25.035 62.8851 25.204 62.1398 25.204C61.3685 25.204 60.7661 25.0133 60.3328 24.632C59.8995 24.242 59.6828 23.7047 59.6828 23.02V20.498C59.6828 19.8393 59.8995 19.3107 60.3328 18.912C60.7748 18.5133 61.3771 18.314 62.1398 18.314C62.9025 18.314 63.5005 18.5133 63.9338 18.912C64.3758 19.3107 64.5968 19.8393 64.5968 20.498V22.175ZM62.1398 19.887C61.9578 19.887 61.8061 19.9563 61.6848 20.095C61.5721 20.2337 61.5158 20.4113 61.5158 20.628V21.135C61.5158 21.1783 61.5375 21.2 61.5808 21.2H62.6988C62.7421 21.2 62.7638 21.1783 62.7638 21.135V20.628C62.7638 20.4113 62.7031 20.2337 62.5818 20.095C62.4691 19.9563 62.3218 19.887 62.1398 19.887Z"
        fill="white" />
</svg>
    