<svg width="64" height="28" viewBox="0 0 64 28" fill="none" xmlns="http://www.w3.org/2000/svg">
    <path
        d="M10.608 0C10.8853 0 11.0977 0.0823334 11.245 0.247C11.3923 0.411667 11.466 0.606666 11.466 0.832C11.466 1.07467 11.3923 1.29133 11.245 1.482C11.1063 1.67267 10.9113 1.82867 10.66 1.95C10.4173 2.08 10.1183 2.17967 9.763 2.249C9.40767 2.31833 8.996 2.353 8.528 2.353C8.19867 2.353 7.852 2.33567 7.488 2.301C7.124 2.26633 6.75567 2.22733 6.383 2.184C6.01033 2.14067 5.642 2.10167 5.278 2.067C4.914 2.03233 4.57167 2.015 4.251 2.015C3.965 2.015 3.68767 2.03233 3.419 2.067C3.15033 2.093 2.938 2.14933 2.782 2.236C2.95533 2.30533 3.09833 2.42667 3.211 2.6C3.33233 2.77333 3.393 2.97267 3.393 3.198C3.393 3.44933 3.31067 3.67467 3.146 3.874C2.99 4.06467 2.77333 4.16 2.496 4.16C2.236 4.16 2.03667 4.07333 1.898 3.9C1.75933 3.72667 1.69 3.51867 1.69 3.276C1.69 3.07667 1.742 2.86867 1.846 2.652C1.95867 2.42667 2.171 2.236 2.483 2.08C2.68233 1.98467 2.89467 1.91533 3.12 1.872C3.34533 1.82867 3.55767 1.80267 3.757 1.794C3.95633 1.78533 4.11233 1.781 4.225 1.781C4.75367 1.781 5.265 1.807 5.759 1.859C6.253 1.911 6.73833 1.963 7.215 2.015C7.69167 2.067 8.164 2.093 8.632 2.093C8.996 2.093 9.29933 2.07567 9.542 2.041C9.79333 1.99767 10.0143 1.93267 10.205 1.846L10.179 1.95C10.0663 1.846 9.958 1.71167 9.854 1.547C9.75867 1.37367 9.711 1.17433 9.711 0.949C9.711 0.689 9.789 0.468 9.945 0.286C10.1097 0.0953335 10.3307 0 10.608 0ZM5.876 2.028C5.876 2.028 5.93233 2.03233 6.045 2.041C6.16633 2.04967 6.31367 2.06267 6.487 2.08C6.66033 2.09733 6.83367 2.11467 7.007 2.132C7.18033 2.14933 7.32333 2.16233 7.436 2.171C7.54867 2.17967 7.605 2.184 7.605 2.184L5.681 9.477C5.59433 9.79767 5.55967 10.0447 5.577 10.218C5.603 10.3913 5.69833 10.517 5.863 10.595C6.03633 10.6643 6.30067 10.7077 6.656 10.725L6.604 10.985C6.344 10.9677 6.01033 10.959 5.603 10.959C5.20433 10.9503 4.78833 10.946 4.355 10.946C3.93033 10.946 3.523 10.9503 3.133 10.959C2.743 10.959 2.431 10.9677 2.197 10.985L2.249 10.725C2.613 10.7077 2.89467 10.6643 3.094 10.595C3.302 10.517 3.46233 10.3913 3.575 10.218C3.69633 10.036 3.80467 9.789 3.9 9.477L5.876 2.028Z"
        fill="white" />
    <path
        d="M9.28911 8.125C9.69644 7.969 10.0691 7.80867 10.4071 7.644C10.7538 7.47067 11.0441 7.28867 11.2781 7.098C11.5988 6.812 11.8588 6.47833 12.0581 6.097C12.2574 5.707 12.3571 5.28233 12.3571 4.823C12.3571 4.62367 12.3398 4.49367 12.3051 4.433C12.2704 4.37233 12.2184 4.342 12.1491 4.342C11.9498 4.342 11.7331 4.43733 11.4991 4.628C11.2651 4.81867 11.0354 5.083 10.8101 5.421C10.5848 5.75033 10.3768 6.123 10.1861 6.539C10.0041 6.955 9.85678 7.39267 9.74411 7.852C9.63144 8.31133 9.57511 8.76633 9.57511 9.217C9.57511 9.67633 9.66178 10.0013 9.83511 10.192C10.0171 10.374 10.2554 10.465 10.5501 10.465C10.8014 10.465 11.1004 10.3827 11.4471 10.218C11.7938 10.0533 12.1361 9.75433 12.4741 9.321L12.6821 9.425C12.5088 9.711 12.2791 9.98833 11.9931 10.257C11.7071 10.5257 11.3778 10.7467 11.0051 10.92C10.6411 11.0847 10.2381 11.167 9.79611 11.167C9.43211 11.167 9.10278 11.0977 8.80811 10.959C8.51344 10.8203 8.28378 10.6167 8.11911 10.348C7.95444 10.0707 7.87211 9.73267 7.87211 9.334C7.87211 8.90933 7.94578 8.45867 8.09311 7.982C8.24044 7.49667 8.44844 7.02433 8.71711 6.565C8.99444 6.10567 9.31944 5.68967 9.69211 5.317C10.0734 4.94433 10.4938 4.64967 10.9531 4.433C11.4124 4.20767 11.9064 4.095 12.4351 4.095C12.7818 4.095 13.0721 4.17733 13.3061 4.342C13.5401 4.498 13.6571 4.74067 13.6571 5.07C13.6571 5.408 13.5618 5.72433 13.3711 6.019C13.1804 6.31367 12.9204 6.58233 12.5911 6.825C12.2704 7.06767 11.9151 7.28433 11.5251 7.475C11.1438 7.66567 10.7581 7.83033 10.3681 7.969C9.97811 8.10767 9.61411 8.22033 9.27611 8.307L9.28911 8.125Z"
        fill="white" />
    <path
        d="M15.6078 10.985H14.0088L15.5818 5.382C15.6165 5.26067 15.6425 5.148 15.6598 5.044C15.6772 4.94 15.6685 4.85333 15.6338 4.784C15.6078 4.71467 15.5342 4.68 15.4128 4.68C15.2482 4.68 15.0965 4.76233 14.9578 4.927C14.8278 5.083 14.6848 5.37333 14.5288 5.798L14.3078 6.409H14.0608L14.3988 5.434C14.5808 4.92267 14.8148 4.57167 15.1008 4.381C15.3868 4.19033 15.7032 4.095 16.0498 4.095C16.3358 4.095 16.5525 4.15133 16.6998 4.264C16.8558 4.37667 16.9555 4.524 16.9988 4.706C17.0422 4.87933 17.0508 5.07433 17.0248 5.291C16.9988 5.499 16.9598 5.707 16.9078 5.915L15.6078 10.985ZM16.0888 8.619C16.4095 7.72633 16.7172 6.98967 17.0118 6.409C17.3065 5.82833 17.5925 5.369 17.8698 5.031C18.1472 4.68433 18.4332 4.44167 18.7278 4.303C19.0225 4.16433 19.3302 4.095 19.6508 4.095C20.0755 4.095 20.3702 4.19033 20.5348 4.381C20.7082 4.563 20.7905 4.80567 20.7818 5.109C20.7818 5.40367 20.7255 5.72 20.6128 6.058L19.3388 9.88C19.2608 10.114 19.2392 10.2917 19.2738 10.413C19.3085 10.5257 19.3952 10.582 19.5338 10.582C19.6638 10.582 19.7982 10.5083 19.9368 10.361C20.0842 10.2137 20.2402 9.91467 20.4048 9.464L20.6128 8.879H20.8598L20.5348 9.828C20.4135 10.192 20.2575 10.4693 20.0668 10.66C19.8848 10.8507 19.6855 10.9807 19.4688 11.05C19.2608 11.128 19.0528 11.167 18.8448 11.167C18.6195 11.167 18.4245 11.128 18.2598 11.05C18.1038 10.9807 17.9825 10.881 17.8958 10.751C17.7832 10.5863 17.7355 10.374 17.7528 10.114C17.7702 9.854 17.8395 9.542 17.9608 9.178L19.1438 5.603C19.1872 5.46433 19.2218 5.32567 19.2478 5.187C19.2738 5.03967 19.2695 4.91833 19.2348 4.823C19.2002 4.719 19.1092 4.667 18.9618 4.667C18.7798 4.667 18.5805 4.771 18.3638 4.979C18.1472 5.17833 17.9218 5.46 17.6878 5.824C17.4538 6.188 17.2198 6.61267 16.9858 7.098C16.7518 7.58333 16.5265 8.112 16.3098 8.684C16.1018 9.24733 15.9155 9.83233 15.7508 10.439L16.0888 8.619Z"
        fill="white" />
    <path
        d="M25.978 4.355C25.6486 4.355 25.3236 4.48933 25.003 4.758C24.691 5.02667 24.405 5.395 24.145 5.863C23.8936 6.32233 23.69 6.84667 23.534 7.436C23.3866 8.01667 23.313 8.619 23.313 9.243C23.313 9.69367 23.3996 10.0187 23.573 10.218C23.755 10.4173 23.989 10.517 24.275 10.517C24.561 10.517 24.8556 10.4303 25.159 10.257C25.4623 10.0837 25.7656 9.77167 26.069 9.321L26.329 9.425C26.1556 9.711 25.9346 9.98833 25.666 10.257C25.3973 10.5257 25.0853 10.7467 24.73 10.92C24.3833 11.0847 23.9976 11.167 23.573 11.167C23.001 11.167 22.533 11.0067 22.169 10.686C21.805 10.3567 21.623 9.86267 21.623 9.204C21.623 8.77933 21.6836 8.333 21.805 7.865C21.935 7.397 22.1213 6.942 22.364 6.5C22.6066 6.04933 22.9013 5.64633 23.248 5.291C23.5946 4.927 23.989 4.63667 24.431 4.42C24.873 4.20333 25.3583 4.095 25.887 4.095C26.329 4.095 26.6886 4.20767 26.966 4.433C27.252 4.65833 27.395 4.94867 27.395 5.304C27.395 5.512 27.343 5.71567 27.239 5.915C27.1436 6.11433 27.0093 6.279 26.836 6.409C26.6626 6.539 26.4633 6.604 26.238 6.604C26.0386 6.604 25.874 6.54333 25.744 6.422C25.6226 6.30067 25.562 6.14033 25.562 5.941C25.562 5.62033 25.6746 5.343 25.9 5.109C26.134 4.875 26.394 4.72333 26.68 4.654C26.602 4.56733 26.5066 4.498 26.394 4.446C26.29 4.38533 26.1513 4.355 25.978 4.355Z"
        fill="white" />
    <path
        d="M28.8526 8.125C29.2599 7.969 29.6326 7.80867 29.9706 7.644C30.3173 7.47067 30.6076 7.28867 30.8416 7.098C31.1623 6.812 31.4223 6.47833 31.6216 6.097C31.8209 5.707 31.9206 5.28233 31.9206 4.823C31.9206 4.62367 31.9033 4.49367 31.8686 4.433C31.8339 4.37233 31.7819 4.342 31.7126 4.342C31.5133 4.342 31.2966 4.43733 31.0626 4.628C30.8286 4.81867 30.5989 5.083 30.3736 5.421C30.1483 5.75033 29.9403 6.123 29.7496 6.539C29.5676 6.955 29.4203 7.39267 29.3076 7.852C29.1949 8.31133 29.1386 8.76633 29.1386 9.217C29.1386 9.67633 29.2253 10.0013 29.3986 10.192C29.5806 10.374 29.8189 10.465 30.1136 10.465C30.3649 10.465 30.6639 10.3827 31.0106 10.218C31.3573 10.0533 31.6996 9.75433 32.0376 9.321L32.2456 9.425C32.0723 9.711 31.8426 9.98833 31.5566 10.257C31.2706 10.5257 30.9413 10.7467 30.5686 10.92C30.2046 11.0847 29.8016 11.167 29.3596 11.167C28.9956 11.167 28.6663 11.0977 28.3716 10.959C28.0769 10.8203 27.8473 10.6167 27.6826 10.348C27.5179 10.0707 27.4356 9.73267 27.4356 9.334C27.4356 8.90933 27.5093 8.45867 27.6566 7.982C27.8039 7.49667 28.0119 7.02433 28.2806 6.565C28.5579 6.10567 28.8829 5.68967 29.2556 5.317C29.6369 4.94433 30.0573 4.64967 30.5166 4.433C30.9759 4.20767 31.4699 4.095 31.9986 4.095C32.3453 4.095 32.6356 4.17733 32.8696 4.342C33.1036 4.498 33.2206 4.74067 33.2206 5.07C33.2206 5.408 33.1253 5.72433 32.9346 6.019C32.7439 6.31367 32.4839 6.58233 32.1546 6.825C31.8339 7.06767 31.4786 7.28433 31.0886 7.475C30.7073 7.66567 30.3216 7.83033 29.9316 7.969C29.5416 8.10767 29.1776 8.22033 28.8396 8.307L28.8526 8.125Z"
        fill="white" />
    <path
        d="M35.1713 10.985H33.5723L35.1453 5.382C35.18 5.26067 35.206 5.148 35.2233 5.044C35.2406 4.94 35.232 4.85333 35.1973 4.784C35.1713 4.71467 35.0976 4.68 34.9763 4.68C34.8116 4.68 34.66 4.76233 34.5213 4.927C34.3913 5.083 34.2483 5.37333 34.0923 5.798L33.8713 6.409H33.6243L33.9623 5.434C34.1443 4.92267 34.3783 4.57167 34.6643 4.381C34.9503 4.19033 35.2666 4.095 35.6133 4.095C35.8993 4.095 36.116 4.15133 36.2633 4.264C36.4193 4.37667 36.519 4.524 36.5623 4.706C36.6056 4.87933 36.6143 5.07433 36.5883 5.291C36.5623 5.499 36.5233 5.707 36.4713 5.915L35.1713 10.985ZM35.6523 8.619C35.973 7.72633 36.2806 6.98967 36.5753 6.409C36.87 5.82833 37.156 5.369 37.4333 5.031C37.7106 4.68433 37.9966 4.44167 38.2913 4.303C38.586 4.16433 38.8936 4.095 39.2143 4.095C39.639 4.095 39.9336 4.19033 40.0983 4.381C40.2716 4.563 40.354 4.80567 40.3453 5.109C40.3453 5.40367 40.289 5.72 40.1763 6.058L38.9023 9.88C38.8243 10.114 38.8026 10.2917 38.8373 10.413C38.872 10.5257 38.9586 10.582 39.0973 10.582C39.2273 10.582 39.3616 10.5083 39.5003 10.361C39.6476 10.2137 39.8036 9.91467 39.9683 9.464L40.1763 8.879H40.4233L40.0983 9.828C39.977 10.192 39.821 10.4693 39.6303 10.66C39.4483 10.8507 39.249 10.9807 39.0323 11.05C38.8243 11.128 38.6163 11.167 38.4083 11.167C38.183 11.167 37.988 11.128 37.8233 11.05C37.6673 10.9807 37.546 10.881 37.4593 10.751C37.3466 10.5863 37.299 10.374 37.3163 10.114C37.3336 9.854 37.403 9.542 37.5243 9.178L38.7073 5.603C38.7506 5.46433 38.7853 5.32567 38.8113 5.187C38.8373 5.03967 38.833 4.91833 38.7983 4.823C38.7636 4.719 38.6726 4.667 38.5253 4.667C38.3433 4.667 38.144 4.771 37.9273 4.979C37.7106 5.17833 37.4853 5.46 37.2513 5.824C37.0173 6.188 36.7833 6.61267 36.5493 7.098C36.3153 7.58333 36.09 8.112 35.8733 8.684C35.6653 9.24733 35.479 9.83233 35.3143 10.439L35.6523 8.619Z"
        fill="white" />
    <path
        d="M46.1394 4.277L46.1004 4.537H41.7454L41.8104 4.277H46.1394ZM42.9804 9.88C42.9111 10.1227 42.9198 10.3003 43.0064 10.413C43.1018 10.5257 43.2274 10.582 43.3834 10.582C43.5654 10.582 43.7474 10.4953 43.9294 10.322C44.1201 10.1487 44.2934 9.84533 44.4494 9.412L44.6444 8.879H44.8914L44.6314 9.659C44.4494 10.1963 44.1981 10.582 43.8774 10.816C43.5568 11.05 43.1754 11.167 42.7334 11.167C42.3434 11.167 42.0444 11.0803 41.8364 10.907C41.6371 10.7337 41.5158 10.4997 41.4724 10.205C41.4378 9.90167 41.4768 9.55933 41.5894 9.178L43.5524 2.327C43.8644 2.31833 44.1548 2.301 44.4234 2.275C44.7008 2.249 44.9608 2.20567 45.2034 2.145L42.9804 9.88Z"
        fill="white" />
    <path
        d="M3.484 22.487L3.575 22.227H8.164L8.06 22.487H3.484ZM8.528 19.159C8.61467 18.8383 8.64933 18.6043 8.632 18.457C8.62333 18.301 8.54967 18.197 8.411 18.145C8.27233 18.0843 8.05567 18.0497 7.761 18.041L7.826 17.781C8.05133 17.7897 8.33733 17.7983 8.684 17.807C9.03067 17.8157 9.38167 17.82 9.737 17.82C10.1357 17.82 10.5083 17.8157 10.855 17.807C11.2103 17.7983 11.4963 17.7897 11.713 17.781L11.648 18.041C11.3533 18.0497 11.1237 18.0843 10.959 18.145C10.7943 18.197 10.6643 18.301 10.569 18.457C10.4823 18.6043 10.3957 18.8383 10.309 19.159L8.593 25.607C8.515 25.919 8.48033 26.153 8.489 26.309C8.49767 26.465 8.57133 26.569 8.71 26.621C8.84867 26.673 9.06533 26.7077 9.36 26.725L9.308 26.985C9.1 26.9677 8.81833 26.959 8.463 26.959C8.11633 26.9503 7.74367 26.946 7.345 26.946C6.98967 26.946 6.63867 26.9503 6.292 26.959C5.94533 26.959 5.655 26.9677 5.421 26.985L5.473 26.725C5.76767 26.7077 5.99733 26.673 6.162 26.621C6.32667 26.569 6.45667 26.465 6.552 26.309C6.64733 26.153 6.734 25.919 6.812 25.607L8.528 19.159ZM3.159 25.607C3.081 25.919 3.04633 26.153 3.055 26.309C3.06367 26.465 3.13733 26.569 3.276 26.621C3.41467 26.673 3.63133 26.7077 3.926 26.725L3.874 26.985C3.64867 26.9677 3.36267 26.959 3.016 26.959C2.66933 26.9503 2.31833 26.946 1.963 26.946C1.56433 26.946 1.19167 26.9503 0.845 26.959C0.507 26.959 0.225333 26.9677 0 26.985L0.065 26.725C0.351 26.7077 0.572 26.673 0.728 26.621C0.892667 26.569 1.02267 26.465 1.118 26.309C1.21333 26.153 1.3 25.919 1.378 25.607L3.094 19.159C3.18067 18.8383 3.21533 18.6043 3.198 18.457C3.18067 18.301 3.10267 18.197 2.964 18.145C2.834 18.0843 2.62167 18.0497 2.327 18.041L2.392 17.781C2.6 17.7897 2.87733 17.7983 3.224 17.807C3.57933 17.8157 3.95633 17.82 4.355 17.82C4.71033 17.82 5.057 17.8157 5.395 17.807C5.74167 17.7983 6.03633 17.7897 6.279 17.781L6.214 18.041C5.91933 18.0497 5.68967 18.0843 5.525 18.145C5.36033 18.197 5.23033 18.301 5.135 18.457C5.04833 18.6043 4.96167 18.8383 4.875 19.159L3.159 25.607Z"
        fill="white" />
    <path
        d="M12.0821 24.125C12.4894 23.969 12.8621 23.8087 13.2001 23.644C13.5467 23.4707 13.8371 23.2887 14.0711 23.098C14.3917 22.812 14.6517 22.4783 14.8511 22.097C15.0504 21.707 15.1501 21.2823 15.1501 20.823C15.1501 20.6237 15.1327 20.4937 15.0981 20.433C15.0634 20.3723 15.0114 20.342 14.9421 20.342C14.7427 20.342 14.5261 20.4373 14.2921 20.628C14.0581 20.8187 13.8284 21.083 13.6031 21.421C13.3777 21.7503 13.1697 22.123 12.9791 22.539C12.7971 22.955 12.6497 23.3927 12.5371 23.852C12.4244 24.3113 12.3681 24.7663 12.3681 25.217C12.3681 25.6763 12.4547 26.0013 12.6281 26.192C12.8101 26.374 13.0484 26.465 13.3431 26.465C13.5944 26.465 13.8934 26.3827 14.2401 26.218C14.5867 26.0533 14.9291 25.7543 15.2671 25.321L15.4751 25.425C15.3017 25.711 15.0721 25.9883 14.7861 26.257C14.5001 26.5257 14.1707 26.7467 13.7981 26.92C13.4341 27.0847 13.0311 27.167 12.5891 27.167C12.2251 27.167 11.8957 27.0977 11.6011 26.959C11.3064 26.8203 11.0767 26.6167 10.9121 26.348C10.7474 26.0707 10.6651 25.7327 10.6651 25.334C10.6651 24.9093 10.7387 24.4587 10.8861 23.982C11.0334 23.4967 11.2414 23.0243 11.5101 22.565C11.7874 22.1057 12.1124 21.6897 12.4851 21.317C12.8664 20.9443 13.2867 20.6497 13.7461 20.433C14.2054 20.2077 14.6994 20.095 15.2281 20.095C15.5747 20.095 15.8651 20.1773 16.0991 20.342C16.3331 20.498 16.4501 20.7407 16.4501 21.07C16.4501 21.408 16.3547 21.7243 16.1641 22.019C15.9734 22.3137 15.7134 22.5823 15.3841 22.825C15.0634 23.0677 14.7081 23.2843 14.3181 23.475C13.9367 23.6657 13.5511 23.8303 13.1611 23.969C12.7711 24.1077 12.4071 24.2203 12.0691 24.307L12.0821 24.125Z"
        fill="white" />
    <path
        d="M18.6088 26.569C18.7648 26.569 18.9425 26.478 19.1418 26.296C19.3411 26.1053 19.5448 25.841 19.7528 25.503C19.9608 25.165 20.1601 24.762 20.3508 24.294C20.5415 23.826 20.7061 23.3147 20.8448 22.76L20.5718 24.164C20.3205 24.9007 20.0518 25.49 19.7658 25.932C19.4885 26.374 19.1938 26.6903 18.8818 26.881C18.5785 27.0717 18.2621 27.167 17.9328 27.167C17.4648 27.167 17.1181 27.024 16.8928 26.738C16.6675 26.4433 16.5548 26.0533 16.5548 25.568C16.5548 25.1173 16.6285 24.645 16.7758 24.151C16.9231 23.6483 17.1268 23.1587 17.3868 22.682C17.6555 22.1967 17.9588 21.7633 18.2968 21.382C18.6348 20.992 18.9945 20.68 19.3758 20.446C19.7571 20.212 20.1385 20.095 20.5198 20.095C20.8145 20.095 21.0398 20.2207 21.1958 20.472C21.3518 20.7147 21.3908 21.0873 21.3128 21.59L21.1698 21.668C21.2305 21.304 21.2131 21.018 21.1178 20.81C21.0311 20.602 20.8838 20.498 20.6758 20.498C20.4765 20.498 20.2641 20.602 20.0388 20.81C19.8221 21.018 19.6055 21.2997 19.3888 21.655C19.1721 22.0103 18.9728 22.4133 18.7908 22.864C18.6175 23.3147 18.4788 23.7827 18.3748 24.268C18.2708 24.7533 18.2188 25.2257 18.2188 25.685C18.2188 26.0057 18.2491 26.2353 18.3098 26.374C18.3791 26.504 18.4788 26.569 18.6088 26.569ZM21.5338 20.277C21.8458 20.2683 22.1361 20.251 22.4048 20.225C22.6821 20.199 22.9465 20.1557 23.1978 20.095L21.5208 25.867C21.4861 25.971 21.4601 26.0793 21.4428 26.192C21.4341 26.296 21.4428 26.387 21.4688 26.465C21.5035 26.5343 21.5771 26.569 21.6898 26.569C21.8285 26.569 21.9715 26.4953 22.1188 26.348C22.2661 26.2007 22.4178 25.9017 22.5738 25.451L22.7688 24.866H23.0158L22.6908 25.815C22.5695 26.1703 22.4178 26.4477 22.2358 26.647C22.0538 26.8377 21.8588 26.972 21.6508 27.05C21.4515 27.128 21.2521 27.167 21.0528 27.167C20.6368 27.167 20.3421 27.037 20.1688 26.777C20.0561 26.5863 20.0128 26.3523 20.0388 26.075C20.0648 25.7977 20.1211 25.4987 20.2078 25.178L21.5338 20.277Z"
        fill="white" />
    <path
        d="M25.3022 25.88C25.2328 26.114 25.2155 26.2917 25.2502 26.413C25.2935 26.5257 25.3802 26.582 25.5102 26.582C25.6315 26.582 25.7615 26.5083 25.9002 26.361C26.0475 26.205 26.2035 25.906 26.3682 25.464L26.5762 24.879H26.8232L26.4982 25.828C26.3768 26.1747 26.2252 26.4477 26.0432 26.647C25.8612 26.8377 25.6662 26.972 25.4582 27.05C25.2502 27.128 25.0378 27.167 24.8212 27.167C24.5438 27.167 24.3228 27.115 24.1582 27.011C23.9935 26.907 23.8808 26.764 23.8202 26.582C23.7595 26.4 23.7378 26.192 23.7552 25.958C23.7725 25.7153 23.8245 25.4553 23.9112 25.178L25.9782 18.314C26.0648 18.0193 26.0562 17.8027 25.9522 17.664C25.8482 17.5253 25.5838 17.456 25.1592 17.456L25.2502 17.183C25.8135 17.1743 26.3162 17.1267 26.7582 17.04C27.2002 16.9447 27.6248 16.8147 28.0322 16.65L25.3022 25.88Z"
        fill="white" />
    <path
        d="M32.5428 20.277L32.5038 20.537H28.1488L28.2138 20.277H32.5428ZM29.3838 25.88C29.3144 26.1227 29.3231 26.3003 29.4098 26.413C29.5051 26.5257 29.6308 26.582 29.7868 26.582C29.9688 26.582 30.1508 26.4953 30.3328 26.322C30.5234 26.1487 30.6968 25.8453 30.8528 25.412L31.0478 24.879H31.2948L31.0348 25.659C30.8528 26.1963 30.6014 26.582 30.2808 26.816C29.9601 27.05 29.5788 27.167 29.1368 27.167C28.7468 27.167 28.4478 27.0803 28.2398 26.907C28.0404 26.7337 27.9191 26.4997 27.8758 26.205C27.8411 25.9017 27.8801 25.5593 27.9928 25.178L29.9558 18.327C30.2678 18.3183 30.5581 18.301 30.8268 18.275C31.1041 18.249 31.3641 18.2057 31.6068 18.145L29.3838 25.88Z"
        fill="white" />
    <path
        d="M33.3573 26.985H31.7583L34.3323 18.314C34.419 18.0193 34.406 17.8027 34.2933 17.664C34.1893 17.5253 33.925 17.456 33.5003 17.456L33.5913 17.183C34.1633 17.1743 34.6703 17.1267 35.1123 17.04C35.563 16.9447 35.9876 16.8147 36.3863 16.65L33.3573 26.985ZM33.6953 25.087C34.0333 24.1163 34.3496 23.3103 34.6443 22.669C34.9476 22.019 35.2423 21.5077 35.5283 21.135C35.823 20.7537 36.122 20.485 36.4253 20.329C36.7373 20.173 37.0623 20.095 37.4003 20.095C37.8163 20.095 38.111 20.1903 38.2843 20.381C38.4576 20.563 38.54 20.8057 38.5313 21.109C38.5313 21.4123 38.475 21.7287 38.3623 22.058L37.0883 25.88C37.0103 26.114 36.9843 26.2917 37.0103 26.413C37.045 26.5257 37.1316 26.582 37.2703 26.582C37.4003 26.582 37.539 26.5083 37.6863 26.361C37.8336 26.2137 37.9896 25.9147 38.1543 25.464L38.3623 24.879H38.6093L38.2843 25.828C38.163 26.192 38.007 26.4693 37.8163 26.66C37.6343 26.8507 37.435 26.9807 37.2183 27.05C37.0103 27.128 36.8023 27.167 36.5943 27.167C36.2043 27.167 35.9226 27.0803 35.7493 26.907C35.5846 26.7337 35.5066 26.4953 35.5153 26.192C35.524 25.8887 35.5846 25.5507 35.6973 25.178L36.8933 21.603C36.9366 21.4643 36.9713 21.3213 36.9973 21.174C37.0233 21.0267 37.019 20.9053 36.9843 20.81C36.9496 20.7147 36.8586 20.667 36.7113 20.667C36.5206 20.667 36.3126 20.7753 36.0873 20.992C35.8706 21.2 35.641 21.4947 35.3983 21.876C35.1556 22.2573 34.913 22.708 34.6703 23.228C34.4363 23.7393 34.211 24.2983 33.9943 24.905C33.7776 25.5117 33.5783 26.1487 33.3963 26.816L33.6953 25.087Z"
        fill="white" />
    <path
        d="M43.7133 20.355C43.384 20.355 43.059 20.4893 42.7383 20.758C42.4263 21.0267 42.1403 21.395 41.8803 21.863C41.629 22.3223 41.4253 22.8467 41.2693 23.436C41.122 24.0167 41.0483 24.619 41.0483 25.243C41.0483 25.6937 41.135 26.0187 41.3083 26.218C41.4903 26.4173 41.7243 26.517 42.0103 26.517C42.2963 26.517 42.591 26.4303 42.8943 26.257C43.1976 26.0837 43.501 25.7717 43.8043 25.321L44.0643 25.425C43.891 25.711 43.67 25.9883 43.4013 26.257C43.1326 26.5257 42.8206 26.7467 42.4653 26.92C42.1186 27.0847 41.733 27.167 41.3083 27.167C40.7363 27.167 40.2683 27.0067 39.9043 26.686C39.5403 26.3567 39.3583 25.8627 39.3583 25.204C39.3583 24.7793 39.419 24.333 39.5403 23.865C39.6703 23.397 39.8566 22.942 40.0993 22.5C40.342 22.0493 40.6366 21.6463 40.9833 21.291C41.33 20.927 41.7243 20.6367 42.1663 20.42C42.6083 20.2033 43.0936 20.095 43.6223 20.095C44.0643 20.095 44.424 20.2077 44.7013 20.433C44.9873 20.6583 45.1303 20.9487 45.1303 21.304C45.1303 21.512 45.0783 21.7157 44.9743 21.915C44.879 22.1143 44.7446 22.279 44.5713 22.409C44.398 22.539 44.1986 22.604 43.9733 22.604C43.774 22.604 43.6093 22.5433 43.4793 22.422C43.358 22.3007 43.2973 22.1403 43.2973 21.941C43.2973 21.6203 43.41 21.343 43.6353 21.109C43.8693 20.875 44.1293 20.7233 44.4153 20.654C44.3373 20.5673 44.242 20.498 44.1293 20.446C44.0253 20.3853 43.8866 20.355 43.7133 20.355Z"
        fill="white" />
    <path
        d="M47.1859 26.569C47.3419 26.569 47.5196 26.478 47.7189 26.296C47.9183 26.1053 48.1219 25.841 48.3299 25.503C48.5379 25.165 48.7373 24.762 48.9279 24.294C49.1186 23.826 49.2833 23.3147 49.4219 22.76L49.1489 24.164C48.8976 24.9007 48.6289 25.49 48.3429 25.932C48.0656 26.374 47.7709 26.6903 47.4589 26.881C47.1556 27.0717 46.8393 27.167 46.5099 27.167C46.0419 27.167 45.6953 27.024 45.4699 26.738C45.2446 26.4433 45.1319 26.0533 45.1319 25.568C45.1319 25.1173 45.2056 24.645 45.3529 24.151C45.5003 23.6483 45.7039 23.1587 45.9639 22.682C46.2326 22.1967 46.5359 21.7633 46.8739 21.382C47.2119 20.992 47.5716 20.68 47.9529 20.446C48.3343 20.212 48.7156 20.095 49.0969 20.095C49.3916 20.095 49.6169 20.2207 49.7729 20.472C49.9289 20.7147 49.9679 21.0873 49.8899 21.59L49.7469 21.668C49.8076 21.304 49.7903 21.018 49.6949 20.81C49.6083 20.602 49.4609 20.498 49.2529 20.498C49.0536 20.498 48.8413 20.602 48.6159 20.81C48.3993 21.018 48.1826 21.2997 47.9659 21.655C47.7493 22.0103 47.5499 22.4133 47.3679 22.864C47.1946 23.3147 47.0559 23.7827 46.9519 24.268C46.8479 24.7533 46.7959 25.2257 46.7959 25.685C46.7959 26.0057 46.8263 26.2353 46.8869 26.374C46.9563 26.504 47.0559 26.569 47.1859 26.569ZM50.1109 20.277C50.4229 20.2683 50.7133 20.251 50.9819 20.225C51.2593 20.199 51.5236 20.1557 51.7749 20.095L50.0979 25.867C50.0633 25.971 50.0373 26.0793 50.0199 26.192C50.0113 26.296 50.0199 26.387 50.0459 26.465C50.0806 26.5343 50.1543 26.569 50.2669 26.569C50.4056 26.569 50.5486 26.4953 50.6959 26.348C50.8433 26.2007 50.9949 25.9017 51.1509 25.451L51.3459 24.866H51.5929L51.2679 25.815C51.1466 26.1703 50.9949 26.4477 50.8129 26.647C50.6309 26.8377 50.4359 26.972 50.2279 27.05C50.0286 27.128 49.8293 27.167 49.6299 27.167C49.2139 27.167 48.9193 27.037 48.7459 26.777C48.6333 26.5863 48.5899 26.3523 48.6159 26.075C48.6419 25.7977 48.6983 25.4987 48.7849 25.178L50.1109 20.277Z"
        fill="white" />
    <path
        d="M54.0873 26.985H52.4883L54.0483 21.382C54.1263 21.122 54.1523 20.94 54.1263 20.836C54.1003 20.732 54.0223 20.68 53.8923 20.68C53.7276 20.68 53.576 20.7623 53.4373 20.927C53.2986 21.0917 53.1556 21.382 53.0083 21.798L52.7873 22.409H52.5403L52.8783 21.434C52.9996 21.0873 53.1513 20.8187 53.3333 20.628C53.5153 20.4287 53.7146 20.29 53.9313 20.212C54.148 20.134 54.369 20.095 54.5943 20.095C54.8716 20.095 55.0753 20.1513 55.2053 20.264C55.344 20.3767 55.4306 20.524 55.4653 20.706C55.5086 20.888 55.5173 21.0873 55.4913 21.304C55.474 21.512 55.4393 21.7157 55.3873 21.915L54.0873 26.985ZM57.4153 20.394C57.2246 20.394 57.0296 20.4633 56.8303 20.602C56.631 20.732 56.423 20.9443 56.2063 21.239C55.9896 21.5337 55.7686 21.9237 55.5433 22.409C55.3266 22.8857 55.1013 23.4707 54.8673 24.164C54.6333 24.8487 54.3993 25.659 54.1653 26.595L54.4773 24.866C54.746 23.956 54.9973 23.1977 55.2313 22.591C55.474 21.9757 55.708 21.486 55.9333 21.122C56.1673 20.7493 56.4143 20.485 56.6743 20.329C56.9343 20.173 57.216 20.095 57.5193 20.095C57.8313 20.095 58.0696 20.186 58.2343 20.368C58.4076 20.55 58.4943 20.7753 58.4943 21.044C58.4943 21.2607 58.4423 21.4643 58.3383 21.655C58.2343 21.837 58.0956 21.9843 57.9223 22.097C57.7576 22.201 57.567 22.253 57.3503 22.253C57.1336 22.253 56.9603 22.1967 56.8303 22.084C56.709 21.9713 56.6483 21.8067 56.6483 21.59C56.6483 21.3993 56.6916 21.226 56.7783 21.07C56.865 20.914 56.9776 20.784 57.1163 20.68C57.255 20.5673 57.4066 20.4893 57.5713 20.446C57.554 20.4287 57.5323 20.4157 57.5063 20.407C57.4803 20.3983 57.45 20.394 57.4153 20.394Z"
        fill="white" />
    <path
        d="M59.4102 24.125C59.8175 23.969 60.1902 23.8087 60.5282 23.644C60.8749 23.4707 61.1652 23.2887 61.3992 23.098C61.7199 22.812 61.9799 22.4783 62.1792 22.097C62.3785 21.707 62.4782 21.2823 62.4782 20.823C62.4782 20.6237 62.4609 20.4937 62.4262 20.433C62.3915 20.3723 62.3395 20.342 62.2702 20.342C62.0709 20.342 61.8542 20.4373 61.6202 20.628C61.3862 20.8187 61.1565 21.083 60.9312 21.421C60.7059 21.7503 60.4979 22.123 60.3072 22.539C60.1252 22.955 59.9779 23.3927 59.8652 23.852C59.7525 24.3113 59.6962 24.7663 59.6962 25.217C59.6962 25.6763 59.7829 26.0013 59.9562 26.192C60.1382 26.374 60.3765 26.465 60.6712 26.465C60.9225 26.465 61.2215 26.3827 61.5682 26.218C61.9149 26.0533 62.2572 25.7543 62.5952 25.321L62.8032 25.425C62.6299 25.711 62.4002 25.9883 62.1142 26.257C61.8282 26.5257 61.4989 26.7467 61.1262 26.92C60.7622 27.0847 60.3592 27.167 59.9172 27.167C59.5532 27.167 59.2239 27.0977 58.9292 26.959C58.6345 26.8203 58.4049 26.6167 58.2402 26.348C58.0755 26.0707 57.9932 25.7327 57.9932 25.334C57.9932 24.9093 58.0669 24.4587 58.2142 23.982C58.3615 23.4967 58.5695 23.0243 58.8382 22.565C59.1155 22.1057 59.4405 21.6897 59.8132 21.317C60.1945 20.9443 60.6149 20.6497 61.0742 20.433C61.5335 20.2077 62.0275 20.095 62.5562 20.095C62.9029 20.095 63.1932 20.1773 63.4272 20.342C63.6612 20.498 63.7782 20.7407 63.7782 21.07C63.7782 21.408 63.6829 21.7243 63.4922 22.019C63.3015 22.3137 63.0415 22.5823 62.7122 22.825C62.3915 23.0677 62.0362 23.2843 61.6462 23.475C61.2649 23.6657 60.8792 23.8303 60.4892 23.969C60.0992 24.1077 59.7352 24.2203 59.3972 24.307L59.4102 24.125Z"
        fill="white" />
</svg>
    