<svg width="61" height="26" viewBox="0 0 61 26" fill="none" xmlns="http://www.w3.org/2000/svg">
    <path d="M7.462 0V1.729H4.745V9.009H2.717V1.729H0V0H7.462Z" fill="white" />
    <path
        d="M7.33281 5.642C7.33281 5.03533 7.42381 4.50667 7.60581 4.056C7.79648 3.59667 8.04348 3.21533 8.34681 2.912C8.65015 2.60867 8.99681 2.379 9.38681 2.223C9.78548 2.067 10.1928 1.989 10.6088 1.989C11.5795 1.989 12.3465 2.288 12.9098 2.886C13.4731 3.47533 13.7548 4.34633 13.7548 5.499C13.7548 5.61167 13.7505 5.73733 13.7418 5.876C13.7331 6.006 13.7245 6.123 13.7158 6.227H9.32181C9.36515 6.62567 9.55148 6.942 9.88081 7.176C10.2101 7.41 10.6521 7.527 11.2068 7.527C11.5621 7.527 11.9088 7.49667 12.2468 7.436C12.5935 7.36667 12.8751 7.28433 13.0918 7.189L13.3518 8.762C13.2478 8.814 13.1091 8.866 12.9358 8.918C12.7625 8.97 12.5675 9.01333 12.3508 9.048C12.1428 9.09133 11.9175 9.126 11.6748 9.152C11.4321 9.178 11.1895 9.191 10.9468 9.191C10.3315 9.191 9.79415 9.1 9.33481 8.918C8.88415 8.736 8.50715 8.489 8.20381 8.177C7.90915 7.85633 7.68815 7.47933 7.54081 7.046C7.40215 6.61267 7.33281 6.14467 7.33281 5.642ZM11.8828 4.901C11.8741 4.73633 11.8438 4.576 11.7918 4.42C11.7485 4.264 11.6748 4.12533 11.5708 4.004C11.4755 3.88267 11.3498 3.783 11.1938 3.705C11.0465 3.627 10.8601 3.588 10.6348 3.588C10.4181 3.588 10.2318 3.627 10.0758 3.705C9.91981 3.77433 9.78981 3.86967 9.68581 3.991C9.58181 4.11233 9.49948 4.25533 9.43881 4.42C9.38681 4.576 9.34781 4.73633 9.32181 4.901H11.8828Z"
        fill="white" />
    <path
        d="M15.2496 2.405C15.5789 2.30967 16.0036 2.223 16.5236 2.145C17.0436 2.05833 17.5896 2.015 18.1616 2.015C18.7423 2.015 19.2233 2.093 19.6046 2.249C19.9946 2.39633 20.3023 2.60867 20.5276 2.886C20.7529 3.16333 20.9133 3.49267 21.0086 3.874C21.1039 4.25533 21.1516 4.68 21.1516 5.148V9.009H19.2146V5.382C19.2146 4.758 19.1323 4.316 18.9676 4.056C18.8029 3.796 18.4953 3.666 18.0446 3.666C17.9059 3.666 17.7586 3.67467 17.6026 3.692C17.4466 3.70067 17.3079 3.71367 17.1866 3.731V9.009H15.2496V2.405Z"
        fill="white" />
    <path
        d="M22.5799 5.59C22.5799 5.096 22.6579 4.63233 22.8139 4.199C22.9785 3.757 23.2125 3.37567 23.5159 3.055C23.8192 2.72567 24.1875 2.46567 24.6209 2.275C25.0542 2.08433 25.5482 1.989 26.1029 1.989C26.4669 1.989 26.8005 2.02367 27.1039 2.093C27.4072 2.15367 27.7019 2.24467 27.9879 2.366L27.5849 3.913C27.4029 3.84367 27.2035 3.783 26.9869 3.731C26.7702 3.679 26.5275 3.653 26.2589 3.653C25.6869 3.653 25.2579 3.83067 24.9719 4.186C24.6945 4.54133 24.5559 5.00933 24.5559 5.59C24.5559 6.20533 24.6859 6.682 24.9459 7.02C25.2145 7.358 25.6782 7.527 26.3369 7.527C26.5709 7.527 26.8222 7.50533 27.0909 7.462C27.3595 7.41867 27.6065 7.34933 27.8319 7.254L28.1049 8.84C27.8795 8.93533 27.5979 9.01767 27.2599 9.087C26.9219 9.15633 26.5492 9.191 26.1419 9.191C25.5179 9.191 24.9805 9.1 24.5299 8.918C24.0792 8.72733 23.7065 8.47167 23.4119 8.151C23.1259 7.83033 22.9135 7.45333 22.7749 7.02C22.6449 6.578 22.5799 6.10133 22.5799 5.59Z"
        fill="white" />
    <path
        d="M28.7498 5.642C28.7498 5.03533 28.8408 4.50667 29.0228 4.056C29.2135 3.59667 29.4605 3.21533 29.7638 2.912C30.0671 2.60867 30.4138 2.379 30.8038 2.223C31.2025 2.067 31.6098 1.989 32.0258 1.989C32.9965 1.989 33.7635 2.288 34.3268 2.886C34.8901 3.47533 35.1718 4.34633 35.1718 5.499C35.1718 5.61167 35.1675 5.73733 35.1588 5.876C35.1501 6.006 35.1415 6.123 35.1328 6.227H30.7388C30.7821 6.62567 30.9685 6.942 31.2978 7.176C31.6271 7.41 32.0691 7.527 32.6238 7.527C32.9791 7.527 33.3258 7.49667 33.6638 7.436C34.0105 7.36667 34.2921 7.28433 34.5088 7.189L34.7688 8.762C34.6648 8.814 34.5261 8.866 34.3528 8.918C34.1795 8.97 33.9845 9.01333 33.7678 9.048C33.5598 9.09133 33.3345 9.126 33.0918 9.152C32.8491 9.178 32.6065 9.191 32.3638 9.191C31.7485 9.191 31.2111 9.1 30.7518 8.918C30.3011 8.736 29.9241 8.489 29.6208 8.177C29.3261 7.85633 29.1051 7.47933 28.9578 7.046C28.8191 6.61267 28.7498 6.14467 28.7498 5.642ZM33.2998 4.901C33.2911 4.73633 33.2608 4.576 33.2088 4.42C33.1655 4.264 33.0918 4.12533 32.9878 4.004C32.8925 3.88267 32.7668 3.783 32.6108 3.705C32.4635 3.627 32.2771 3.588 32.0518 3.588C31.8351 3.588 31.6488 3.627 31.4928 3.705C31.3368 3.77433 31.2068 3.86967 31.1028 3.991C30.9988 4.11233 30.9165 4.25533 30.8558 4.42C30.8038 4.576 30.7648 4.73633 30.7388 4.901H33.2998Z"
        fill="white" />
    <path
        d="M36.6666 2.405C36.9959 2.30967 37.4206 2.223 37.9406 2.145C38.4606 2.05833 39.0066 2.015 39.5786 2.015C40.1593 2.015 40.6403 2.093 41.0216 2.249C41.4116 2.39633 41.7193 2.60867 41.9446 2.886C42.1699 3.16333 42.3303 3.49267 42.4256 3.874C42.5209 4.25533 42.5686 4.68 42.5686 5.148V9.009H40.6316V5.382C40.6316 4.758 40.5493 4.316 40.3846 4.056C40.2199 3.796 39.9123 3.666 39.4616 3.666C39.3229 3.666 39.1756 3.67467 39.0196 3.692C38.8636 3.70067 38.7249 3.71367 38.6036 3.731V9.009H36.6666V2.405Z"
        fill="white" />
    <path
        d="M44.2569 0.468L46.1939 0.156V2.171H48.5209V3.783H46.1939V6.188C46.1939 6.59533 46.2632 6.92033 46.4019 7.163C46.5492 7.40567 46.8395 7.527 47.2729 7.527C47.4809 7.527 47.6932 7.50967 47.9099 7.475C48.1352 7.43167 48.3389 7.37533 48.5209 7.306L48.7939 8.814C48.5599 8.90933 48.2999 8.99167 48.0139 9.061C47.7279 9.13033 47.3769 9.165 46.9609 9.165C46.4322 9.165 45.9945 9.09567 45.6479 8.957C45.3012 8.80967 45.0239 8.61033 44.8159 8.359C44.6079 8.099 44.4605 7.787 44.3739 7.423C44.2959 7.059 44.2569 6.656 44.2569 6.214V0.468Z"
        fill="white" />
    <path d="M0.78 25.009V16H6.864V17.703H2.808V19.471H6.409V21.135H2.808V23.306H7.163V25.009H0.78Z"
        fill="white" />
    <path
        d="M10.0324 21.538C10.0324 22.136 10.1668 22.617 10.4354 22.981C10.7041 23.345 11.1028 23.527 11.6314 23.527C11.8048 23.527 11.9651 23.5227 12.1124 23.514C12.2598 23.4967 12.3811 23.4793 12.4764 23.462V19.939C12.3551 19.861 12.1948 19.796 11.9954 19.744C11.8048 19.692 11.6098 19.666 11.4104 19.666C10.4918 19.666 10.0324 20.29 10.0324 21.538ZM14.4134 24.788C14.2401 24.84 14.0408 24.892 13.8154 24.944C13.5901 24.9873 13.3518 25.0263 13.1004 25.061C12.8578 25.0957 12.6064 25.1217 12.3464 25.139C12.0951 25.165 11.8524 25.178 11.6184 25.178C11.0551 25.178 10.5524 25.0957 10.1104 24.931C9.66845 24.7663 9.29578 24.5323 8.99244 24.229C8.68911 23.917 8.45511 23.5443 8.29045 23.111C8.13445 22.669 8.05645 22.175 8.05645 21.629C8.05645 21.0743 8.12578 20.576 8.26445 20.134C8.40311 19.6833 8.60244 19.302 8.86244 18.99C9.12244 18.678 9.43878 18.4397 9.81145 18.275C10.1928 18.1103 10.6261 18.028 11.1114 18.028C11.3801 18.028 11.6184 18.054 11.8264 18.106C12.0431 18.158 12.2598 18.2317 12.4764 18.327V15.233L14.4134 14.921V24.788Z"
        fill="white" />
    <path
        d="M22.0641 24.775C21.7348 24.8703 21.3101 24.957 20.7901 25.035C20.2701 25.1217 19.7241 25.165 19.1521 25.165C18.5715 25.165 18.0861 25.087 17.6961 24.931C17.3148 24.775 17.0115 24.5583 16.7861 24.281C16.5608 23.995 16.4005 23.657 16.3051 23.267C16.2098 22.877 16.1621 22.448 16.1621 21.98V18.171H18.0991V21.746C18.0991 22.37 18.1815 22.8207 18.3461 23.098C18.5108 23.3753 18.8185 23.514 19.2691 23.514C19.4078 23.514 19.5551 23.5097 19.7111 23.501C19.8671 23.4837 20.0058 23.4663 20.1271 23.449V18.171H22.0641V24.775Z"
        fill="white" />
    <path
        d="M23.5574 21.59C23.5574 21.096 23.6354 20.6323 23.7914 20.199C23.9561 19.757 24.1901 19.3757 24.4934 19.055C24.7968 18.7257 25.1651 18.4657 25.5984 18.275C26.0318 18.0843 26.5258 17.989 27.0804 17.989C27.4444 17.989 27.7781 18.0237 28.0814 18.093C28.3848 18.1537 28.6794 18.2447 28.9654 18.366L28.5624 19.913C28.3804 19.8437 28.1811 19.783 27.9644 19.731C27.7478 19.679 27.5051 19.653 27.2364 19.653C26.6644 19.653 26.2354 19.8307 25.9494 20.186C25.6721 20.5413 25.5334 21.0093 25.5334 21.59C25.5334 22.2053 25.6634 22.682 25.9234 23.02C26.1921 23.358 26.6558 23.527 27.3144 23.527C27.5484 23.527 27.7998 23.5053 28.0684 23.462C28.3371 23.4187 28.5841 23.3493 28.8094 23.254L29.0824 24.84C28.8571 24.9353 28.5754 25.0177 28.2374 25.087C27.8994 25.1563 27.5268 25.191 27.1194 25.191C26.4954 25.191 25.9581 25.1 25.5074 24.918C25.0568 24.7273 24.6841 24.4717 24.3894 24.151C24.1034 23.8303 23.8911 23.4533 23.7524 23.02C23.6224 22.578 23.5574 22.1013 23.5574 21.59Z"
        fill="white" />
    <path
        d="M32.6653 23.657C32.856 23.657 33.038 23.6527 33.2113 23.644C33.3847 23.6353 33.5233 23.6223 33.6273 23.605V22.136C33.5493 22.1187 33.4323 22.1013 33.2763 22.084C33.1203 22.0667 32.9773 22.058 32.8473 22.058C32.6653 22.058 32.492 22.071 32.3273 22.097C32.1713 22.1143 32.0327 22.1533 31.9113 22.214C31.79 22.2747 31.6947 22.357 31.6253 22.461C31.556 22.565 31.5213 22.695 31.5213 22.851C31.5213 23.1543 31.621 23.3667 31.8203 23.488C32.0283 23.6007 32.31 23.657 32.6653 23.657ZM32.5093 17.989C33.0813 17.989 33.558 18.054 33.9393 18.184C34.3207 18.314 34.624 18.5003 34.8493 18.743C35.0833 18.9857 35.248 19.2803 35.3433 19.627C35.4387 19.9737 35.4863 20.3593 35.4863 20.784V24.814C35.209 24.8747 34.8233 24.944 34.3293 25.022C33.8353 25.1087 33.2373 25.152 32.5353 25.152C32.0933 25.152 31.6903 25.113 31.3263 25.035C30.971 24.957 30.6633 24.8313 30.4033 24.658C30.1433 24.476 29.944 24.242 29.8053 23.956C29.6667 23.67 29.5973 23.319 29.5973 22.903C29.5973 22.5043 29.6753 22.1663 29.8313 21.889C29.996 21.6117 30.2127 21.3907 30.4813 21.226C30.75 21.0613 31.0577 20.9443 31.4043 20.875C31.751 20.797 32.1107 20.758 32.4833 20.758C32.7347 20.758 32.9557 20.771 33.1463 20.797C33.3457 20.8143 33.506 20.8403 33.6273 20.875V20.693C33.6273 20.3637 33.5277 20.0993 33.3283 19.9C33.129 19.7007 32.7823 19.601 32.2883 19.601C31.959 19.601 31.634 19.627 31.3133 19.679C30.9927 19.7223 30.7153 19.7873 30.4813 19.874L30.2343 18.314C30.347 18.2793 30.4857 18.2447 30.6503 18.21C30.8237 18.1667 31.01 18.132 31.2093 18.106C31.4087 18.0713 31.6167 18.0453 31.8333 18.028C32.0587 18.002 32.284 17.989 32.5093 17.989Z"
        fill="white" />
    <path
        d="M37.1729 16.468L39.1099 16.156V18.171H41.4369V19.783H39.1099V22.188C39.1099 22.5953 39.1792 22.9203 39.3179 23.163C39.4652 23.4057 39.7556 23.527 40.1889 23.527C40.3969 23.527 40.6092 23.5097 40.8259 23.475C41.0512 23.4317 41.2549 23.3753 41.4369 23.306L41.7099 24.814C41.4759 24.9093 41.2159 24.9917 40.9299 25.061C40.6439 25.1303 40.2929 25.165 39.8769 25.165C39.3482 25.165 38.9106 25.0957 38.5639 24.957C38.2172 24.8097 37.9399 24.6103 37.7319 24.359C37.5239 24.099 37.3766 23.787 37.2899 23.423C37.2119 23.059 37.1729 22.656 37.1729 22.214V16.468Z"
        fill="white" />
    <path
        d="M44.9513 25.009H43.0143V18.171H44.9513V25.009ZM45.1333 16.195C45.1333 16.5503 45.0163 16.832 44.7823 17.04C44.5569 17.2393 44.2883 17.339 43.9763 17.339C43.6643 17.339 43.3913 17.2393 43.1573 17.04C42.9319 16.832 42.8193 16.5503 42.8193 16.195C42.8193 15.8397 42.9319 15.5623 43.1573 15.363C43.3913 15.155 43.6643 15.051 43.9763 15.051C44.2883 15.051 44.5569 15.155 44.7823 15.363C45.0163 15.5623 45.1333 15.8397 45.1333 16.195Z"
        fill="white" />
    <path
        d="M53.1681 21.577C53.1681 22.1143 53.0901 22.6083 52.9341 23.059C52.7781 23.501 52.5527 23.8823 52.2581 24.203C51.9634 24.515 51.6081 24.7577 51.1921 24.931C50.7847 25.1043 50.3254 25.191 49.8141 25.191C49.3114 25.191 48.8521 25.1043 48.4361 24.931C48.0287 24.7577 47.6777 24.515 47.3831 24.203C47.0884 23.8823 46.8587 23.501 46.6941 23.059C46.5294 22.6083 46.4471 22.1143 46.4471 21.577C46.4471 21.0397 46.5294 20.55 46.6941 20.108C46.8674 19.666 47.1014 19.289 47.3961 18.977C47.6994 18.665 48.0547 18.4223 48.4621 18.249C48.8781 18.0757 49.3287 17.989 49.8141 17.989C50.3081 17.989 50.7587 18.0757 51.1661 18.249C51.5821 18.4223 51.9374 18.665 52.2321 18.977C52.5267 19.289 52.7564 19.666 52.9211 20.108C53.0857 20.55 53.1681 21.0397 53.1681 21.577ZM51.1921 21.577C51.1921 20.979 51.0707 20.511 50.8281 20.173C50.5941 19.8263 50.2561 19.653 49.8141 19.653C49.3721 19.653 49.0297 19.8263 48.7871 20.173C48.5444 20.511 48.4231 20.979 48.4231 21.577C48.4231 22.175 48.5444 22.6517 48.7871 23.007C49.0297 23.3537 49.3721 23.527 49.8141 23.527C50.2561 23.527 50.5941 23.3537 50.8281 23.007C51.0707 22.6517 51.1921 22.175 51.1921 21.577Z"
        fill="white" />
    <path
        d="M54.6686 18.405C54.9979 18.3097 55.4226 18.223 55.9426 18.145C56.4626 18.0583 57.0086 18.015 57.5806 18.015C58.1612 18.015 58.6422 18.093 59.0236 18.249C59.4136 18.3963 59.7212 18.6087 59.9466 18.886C60.1719 19.1633 60.3322 19.4927 60.4276 19.874C60.5229 20.2553 60.5706 20.68 60.5706 21.148V25.009H58.6336V21.382C58.6336 20.758 58.5512 20.316 58.3866 20.056C58.2219 19.796 57.9142 19.666 57.4636 19.666C57.3249 19.666 57.1776 19.6747 57.0216 19.692C56.8656 19.7007 56.7269 19.7137 56.6056 19.731V25.009H54.6686V18.405Z"
        fill="white" />
</svg>
    