<svg width="49" height="26" viewBox="0 0 49 26" fill="none" xmlns="http://www.w3.org/2000/svg">
    <path
        d="M2.18669 9.009L3.48669 1.651H0.14569L0.43169 0H8.60869L8.32269 1.651H5.33269L4.05869 9.009H2.18669Z"
        fill="white" />
    <path
        d="M8.52125 6.201C8.49524 6.44367 8.52558 6.656 8.61224 6.838C8.69891 7.02 8.82024 7.17167 8.97624 7.293C9.13224 7.41433 9.31424 7.50967 9.52224 7.579C9.73024 7.63967 9.94691 7.67 10.1722 7.67C10.6402 7.67 11.0952 7.61367 11.5372 7.501C11.9879 7.38833 12.4169 7.215 12.8242 6.981C12.7809 7.215 12.7419 7.436 12.7072 7.644C12.6812 7.81733 12.6509 7.99067 12.6162 8.164C12.5902 8.32867 12.5686 8.45433 12.5512 8.541C12.1006 8.76633 11.6672 8.92667 11.2512 9.022C10.8352 9.11733 10.3716 9.165 9.86024 9.165C9.40958 9.15633 8.98058 9.074 8.57324 8.918C8.17458 8.75333 7.82791 8.52367 7.53324 8.229C7.23858 7.93433 7.01758 7.58333 6.87024 7.176C6.72291 6.76 6.67958 6.292 6.74024 5.772C6.80958 5.23467 6.95691 4.758 7.18224 4.342C7.40758 3.91733 7.68924 3.562 8.02724 3.276C8.37391 2.98133 8.75958 2.76033 9.18425 2.613C9.61758 2.457 10.0682 2.379 10.5362 2.379C10.9956 2.379 11.4202 2.46133 11.8102 2.626C12.2089 2.782 12.5469 3.003 12.8242 3.289C13.1102 3.575 13.3226 3.91733 13.4612 4.316C13.5999 4.71467 13.6476 5.15667 13.6042 5.642C13.5956 5.72 13.5826 5.81533 13.5652 5.928C13.5479 6.032 13.5262 6.123 13.5002 6.201H8.52125ZM10.4842 3.835C10.3022 3.835 10.1159 3.85667 9.92524 3.9C9.73458 3.94333 9.55258 4.017 9.37924 4.121C9.21458 4.225 9.06291 4.35933 8.92424 4.524C8.79424 4.68 8.69458 4.875 8.62524 5.109H11.9012C11.9099 4.849 11.8666 4.63667 11.7712 4.472C11.6759 4.30733 11.5546 4.17733 11.4072 4.082C11.2599 3.98667 11.1039 3.92167 10.9392 3.887C10.7746 3.85233 10.6229 3.835 10.4842 3.835Z"
        fill="white" />
    <path
        d="M19.3443 5.395C19.3703 5.239 19.3833 5.109 19.3833 5.005C19.3659 4.667 19.2489 4.40267 19.0323 4.212C18.8243 4.02133 18.5339 3.926 18.1613 3.926C17.7713 3.926 17.4333 4.056 17.1473 4.316C16.8699 4.576 16.6879 4.927 16.6013 5.369L15.9773 9.009H14.1833L15.3273 2.496H17.1343L17.0043 3.25L17.1993 3.068C17.4333 2.86 17.7106 2.691 18.0313 2.561C18.3519 2.42233 18.6726 2.353 18.9933 2.353C19.6693 2.353 20.2109 2.548 20.6183 2.938C21.0256 3.31933 21.2379 3.84367 21.2553 4.511C21.2553 4.62367 21.2509 4.73633 21.2423 4.849C21.2336 4.953 21.2206 5.057 21.2033 5.161L20.5143 9.009H18.7203L19.3443 5.395Z"
        fill="white" />
    <path
        d="M28.0253 4.615C27.7826 4.42433 27.4923 4.28133 27.1543 4.186C26.825 4.082 26.5086 4.03 26.2053 4.03C25.8846 4.03 25.5943 4.07333 25.3343 4.16C25.083 4.24667 24.862 4.368 24.6713 4.524C24.4893 4.67133 24.342 4.849 24.2293 5.057C24.1253 5.25633 24.0603 5.46867 24.0343 5.694C23.9996 5.98 24.0213 6.24 24.0993 6.474C24.186 6.69933 24.3116 6.89433 24.4763 7.059C24.6496 7.215 24.8533 7.33633 25.0873 7.423C25.3213 7.50967 25.5683 7.56167 25.8283 7.579H25.9713C26.266 7.579 26.526 7.54867 26.7513 7.488C26.9766 7.41867 27.1716 7.34933 27.3363 7.28C27.527 7.19333 27.6916 7.09367 27.8303 6.981C27.787 7.24967 27.7436 7.49233 27.7003 7.709C27.6656 7.89967 27.6353 8.08167 27.6093 8.255C27.5833 8.42833 27.5616 8.53667 27.5443 8.58C27.215 8.80533 26.8986 8.957 26.5953 9.035C26.292 9.12167 25.9583 9.165 25.5943 9.165C25.0396 9.165 24.5413 9.06967 24.0993 8.879C23.666 8.68833 23.302 8.42833 23.0073 8.099C22.7126 7.76967 22.5046 7.38833 22.3833 6.955C22.262 6.513 22.2403 6.045 22.3183 5.551C22.3963 5.09167 22.548 4.67133 22.7733 4.29C23.0073 3.9 23.2933 3.56633 23.6313 3.289C23.9693 3.01167 24.3506 2.795 24.7753 2.639C25.2086 2.483 25.6593 2.405 26.1273 2.405C26.5173 2.405 26.8986 2.457 27.2713 2.561C27.644 2.665 27.9863 2.834 28.2983 3.068C28.2723 3.224 28.242 3.393 28.2073 3.575C28.1726 3.757 28.1423 3.926 28.1163 4.082C28.0816 4.264 28.0513 4.44167 28.0253 4.615Z"
        fill="white" />
    <path
        d="M30.8523 6.201C30.8263 6.44367 30.8566 6.656 30.9433 6.838C31.03 7.02 31.1513 7.17167 31.3073 7.293C31.4633 7.41433 31.6453 7.50967 31.8533 7.579C32.0613 7.63967 32.278 7.67 32.5033 7.67C32.9713 7.67 33.4263 7.61367 33.8683 7.501C34.319 7.38833 34.748 7.215 35.1553 6.981C35.112 7.215 35.073 7.436 35.0383 7.644C35.0123 7.81733 34.982 7.99067 34.9473 8.164C34.9213 8.32867 34.8996 8.45433 34.8823 8.541C34.4316 8.76633 33.9983 8.92667 33.5823 9.022C33.1663 9.11733 32.7026 9.165 32.1913 9.165C31.7406 9.15633 31.3116 9.074 30.9043 8.918C30.5056 8.75333 30.159 8.52367 29.8643 8.229C29.5696 7.93433 29.3486 7.58333 29.2013 7.176C29.054 6.76 29.0106 6.292 29.0713 5.772C29.1406 5.23467 29.288 4.758 29.5133 4.342C29.7386 3.91733 30.0203 3.562 30.3583 3.276C30.705 2.98133 31.0906 2.76033 31.5153 2.613C31.9486 2.457 32.3993 2.379 32.8673 2.379C33.3266 2.379 33.7513 2.46133 34.1413 2.626C34.54 2.782 34.878 3.003 35.1553 3.289C35.4413 3.575 35.6536 3.91733 35.7923 4.316C35.931 4.71467 35.9786 5.15667 35.9353 5.642C35.9266 5.72 35.9136 5.81533 35.8963 5.928C35.879 6.032 35.8573 6.123 35.8313 6.201H30.8523ZM32.8153 3.835C32.6333 3.835 32.447 3.85667 32.2563 3.9C32.0656 3.94333 31.8836 4.017 31.7103 4.121C31.5456 4.225 31.394 4.35933 31.2553 4.524C31.1253 4.68 31.0256 4.875 30.9563 5.109H34.2323C34.241 4.849 34.1976 4.63667 34.1023 4.472C34.007 4.30733 33.8856 4.17733 33.7383 4.082C33.591 3.98667 33.435 3.92167 33.2703 3.887C33.1056 3.85233 32.954 3.835 32.8153 3.835Z"
        fill="white" />
    <path
        d="M41.6753 5.395C41.7013 5.239 41.7143 5.109 41.7143 5.005C41.697 4.667 41.58 4.40267 41.3633 4.212C41.1553 4.02133 40.865 3.926 40.4923 3.926C40.1023 3.926 39.7643 4.056 39.4783 4.316C39.201 4.576 39.019 4.927 38.9323 5.369L38.3083 9.009H36.5143L37.6583 2.496H39.4653L39.3353 3.25L39.5303 3.068C39.7643 2.86 40.0416 2.691 40.3623 2.561C40.683 2.42233 41.0036 2.353 41.3243 2.353C42.0003 2.353 42.542 2.548 42.9493 2.938C43.3566 3.31933 43.569 3.84367 43.5863 4.511C43.5863 4.62367 43.582 4.73633 43.5733 4.849C43.5646 4.953 43.5516 5.057 43.5343 5.161L42.8453 9.009H41.0513L41.6753 5.395Z"
        fill="white" />
    <path
        d="M48.9914 2.574L48.7054 4.16H47.2754L46.8724 6.435C46.7944 6.93767 46.881 7.28 47.1324 7.462C47.193 7.50533 47.2624 7.53567 47.3404 7.553C47.4184 7.57033 47.4964 7.579 47.5744 7.579C47.739 7.579 47.8994 7.55733 48.0554 7.514C48.22 7.462 48.35 7.41433 48.4454 7.371L48.1594 8.957C48.038 9.00033 47.869 9.04367 47.6524 9.087C47.4357 9.139 47.1974 9.165 46.9374 9.165C46.7207 9.165 46.504 9.13467 46.2874 9.074C46.0794 9.022 45.8844 8.93533 45.7024 8.814C45.5464 8.70133 45.4207 8.567 45.3254 8.411C45.23 8.255 45.1607 8.09033 45.1174 7.917C45.074 7.74367 45.048 7.57467 45.0394 7.41C45.0307 7.23667 45.0264 7.08067 45.0264 6.942C45.035 6.80333 45.048 6.69067 45.0654 6.604C45.0827 6.51733 45.0914 6.474 45.0914 6.474L45.5074 4.16H44.5714L44.8444 2.561H45.7804L46.2354 0.0650001H48.0164L47.5744 2.574H48.9914Z"
        fill="white" />
    <path
        d="M8.28369 23.878C8.04102 24.1293 7.74636 24.3547 7.39969 24.554C7.09636 24.7273 6.71502 24.8833 6.25569 25.022C5.80502 25.1693 5.26769 25.243 4.64369 25.243C3.88969 25.2343 3.20936 25.1087 2.60269 24.866C2.00469 24.6147 1.50202 24.2767 1.09469 23.852C0.687356 23.4273 0.388356 22.9247 0.19769 22.344C0.0156897 21.7633 -0.0406437 21.1307 0.0286897 20.446C0.0893563 19.8393 0.267023 19.2587 0.56169 18.704C0.856356 18.1407 1.24202 17.6467 1.71869 17.222C2.19536 16.7887 2.74569 16.4463 3.36969 16.195C4.00236 15.9437 4.68269 15.8223 5.41069 15.831C6.00869 15.8483 6.56336 15.9393 7.07469 16.104C7.59469 16.2687 8.04536 16.5157 8.42669 16.845C8.40069 16.975 8.37036 17.144 8.33569 17.352C8.30102 17.5513 8.26636 17.7507 8.23169 17.95C8.18836 18.1753 8.14502 18.4137 8.10169 18.665C7.72036 18.301 7.27402 18.0193 6.76269 17.82C6.25136 17.612 5.73136 17.508 5.20269 17.508C4.79536 17.508 4.40536 17.5817 4.03269 17.729C3.66002 17.8763 3.32636 18.0757 3.03169 18.327C2.73702 18.5783 2.49002 18.8773 2.29069 19.224C2.09136 19.5707 1.96569 19.939 1.91369 20.329C1.84436 20.797 1.86169 21.226 1.96569 21.616C2.07836 22.006 2.25602 22.344 2.49869 22.63C2.74136 22.9073 3.04036 23.1283 3.39569 23.293C3.75102 23.4577 4.14102 23.553 4.56569 23.579C4.99036 23.579 5.36736 23.54 5.69669 23.462C6.03469 23.3753 6.38569 23.215 6.74969 22.981L7.03569 21.408H4.20169L4.46169 19.9H8.99869L8.28369 23.878Z"
        fill="white" />
    <path
        d="M15.7096 18.47H17.5556L16.3856 25.022H14.5526L14.6826 24.346C14.4573 24.5887 14.1886 24.7793 13.8766 24.918C13.5733 25.0567 13.2006 25.126 12.7586 25.126C12.3513 25.126 11.97 25.061 11.6146 24.931C11.2593 24.7923 10.9516 24.5973 10.6916 24.346C10.4316 24.0947 10.2236 23.787 10.0676 23.423C9.9203 23.059 9.8423 22.6473 9.83364 22.188C9.8163 21.6593 9.89864 21.1653 10.0806 20.706C10.2626 20.238 10.514 19.8307 10.8346 19.484C11.164 19.1373 11.5496 18.8643 11.9916 18.665C12.4336 18.4657 12.906 18.366 13.4086 18.366C13.9546 18.366 14.4053 18.444 14.7606 18.6C15.116 18.756 15.389 18.9727 15.5796 19.25L15.7096 18.47ZM12.4206 20.29C12.2126 20.4373 12.0436 20.6193 11.9136 20.836C11.7836 21.0527 11.697 21.2823 11.6536 21.525C11.619 21.7677 11.6276 22.0147 11.6796 22.266C11.7316 22.5173 11.8356 22.747 11.9916 22.955C12.139 23.1543 12.321 23.306 12.5376 23.41C12.763 23.5053 12.997 23.553 13.2396 23.553C13.6296 23.553 13.9763 23.4403 14.2796 23.215C14.479 23.0677 14.6436 22.8857 14.7736 22.669C14.9036 22.4437 14.9903 22.2053 15.0336 21.954C15.077 21.694 15.0726 21.434 15.0206 21.174C14.9773 20.914 14.8733 20.6757 14.7086 20.459C14.5613 20.2683 14.3836 20.1253 14.1756 20.03C13.9763 19.9347 13.764 19.887 13.5386 19.887C13.14 19.887 12.7673 20.0213 12.4206 20.29Z"
        fill="white" />
    <path
        d="M24.1089 19.536L24.2129 19.406C24.7329 18.7213 25.4652 18.379 26.4099 18.379C26.7132 18.379 26.9862 18.431 27.2289 18.535C27.4802 18.639 27.6925 18.7863 27.8659 18.977C28.0392 19.159 28.1735 19.38 28.2689 19.64C28.3729 19.8913 28.4249 20.1643 28.4249 20.459C28.4249 20.6843 28.4075 20.8967 28.3729 21.096L27.6579 25.009H25.8379L26.5139 21.2C26.5225 21.1567 26.5269 21.1133 26.5269 21.07C26.5355 21.018 26.5399 20.966 26.5399 20.914C26.5225 20.2467 26.1932 19.913 25.5519 19.913C25.2139 19.913 24.9279 20.03 24.6939 20.264C24.4599 20.4893 24.3039 20.8057 24.2259 21.213L23.5499 25.009H21.7299L22.4059 21.239C22.4145 21.1697 22.4189 21.109 22.4189 21.057C22.4189 20.9963 22.4189 20.9487 22.4189 20.914C22.4015 20.2467 22.0852 19.913 21.4699 19.913C21.1232 19.913 20.8329 20.0343 20.5989 20.277C20.3649 20.511 20.2132 20.836 20.1439 21.252L19.4809 25.009H17.6999L18.8439 18.496H20.6249L20.4689 19.38C20.5989 19.146 20.7809 18.951 21.0149 18.795C21.2575 18.639 21.5045 18.5263 21.7559 18.457C21.7732 18.4483 21.7949 18.444 21.8209 18.444C21.8469 18.4353 21.8945 18.4223 21.9639 18.405C22.0245 18.3963 22.0809 18.392 22.1329 18.392C22.1935 18.3833 22.2455 18.379 22.2889 18.379C22.7309 18.379 23.0992 18.4657 23.3939 18.639C23.6972 18.8123 23.9182 19.0637 24.0569 19.393L24.1089 19.536Z"
        fill="white" />
    <path
        d="M31.2205 22.201C31.1945 22.4437 31.2248 22.656 31.3115 22.838C31.3981 23.02 31.5195 23.1717 31.6755 23.293C31.8315 23.4143 32.0135 23.5097 32.2215 23.579C32.4295 23.6397 32.6461 23.67 32.8715 23.67C33.3395 23.67 33.7945 23.6137 34.2365 23.501C34.6871 23.3883 35.1161 23.215 35.5235 22.981C35.4801 23.215 35.4411 23.436 35.4065 23.644C35.3805 23.8173 35.3501 23.9907 35.3155 24.164C35.2895 24.3287 35.2678 24.4543 35.2505 24.541C34.7998 24.7663 34.3665 24.9267 33.9505 25.022C33.5345 25.1173 33.0708 25.165 32.5595 25.165C32.1088 25.1563 31.6798 25.074 31.2725 24.918C30.8738 24.7533 30.5271 24.5237 30.2325 24.229C29.9378 23.9343 29.7168 23.5833 29.5695 23.176C29.4221 22.76 29.3788 22.292 29.4395 21.772C29.5088 21.2347 29.6561 20.758 29.8815 20.342C30.1068 19.9173 30.3885 19.562 30.7265 19.276C31.0731 18.9813 31.4588 18.7603 31.8835 18.613C32.3168 18.457 32.7675 18.379 33.2355 18.379C33.6948 18.379 34.1195 18.4613 34.5095 18.626C34.9081 18.782 35.2461 19.003 35.5235 19.289C35.8095 19.575 36.0218 19.9173 36.1605 20.316C36.2991 20.7147 36.3468 21.1567 36.3035 21.642C36.2948 21.72 36.2818 21.8153 36.2645 21.928C36.2471 22.032 36.2255 22.123 36.1995 22.201H31.2205ZM33.1835 19.835C33.0015 19.835 32.8151 19.8567 32.6245 19.9C32.4338 19.9433 32.2518 20.017 32.0785 20.121C31.9138 20.225 31.7621 20.3593 31.6235 20.524C31.4935 20.68 31.3938 20.875 31.3245 21.109H34.6005C34.6091 20.849 34.5658 20.6367 34.4705 20.472C34.3751 20.3073 34.2538 20.1773 34.1065 20.082C33.9591 19.9867 33.8031 19.9217 33.6385 19.887C33.4738 19.8523 33.3221 19.835 33.1835 19.835Z"
        fill="white" />
    <path
        d="M42.1475 20.368C41.7748 20.1947 41.4368 20.0733 41.1335 20.004C40.8301 19.926 40.5138 19.887 40.1845 19.887C39.8465 19.887 39.5995 19.9433 39.4435 20.056C39.2875 20.1687 39.2095 20.2943 39.2095 20.433C39.2095 20.511 39.2268 20.576 39.2615 20.628C39.2961 20.6713 39.3525 20.7147 39.4305 20.758C39.5085 20.7927 39.6125 20.8317 39.7425 20.875C39.8725 20.9183 40.0415 20.966 40.2495 21.018L40.4445 21.07C40.7565 21.1567 41.0338 21.2477 41.2765 21.343C41.5278 21.4297 41.7401 21.5423 41.9135 21.681C42.0868 21.811 42.2211 21.9757 42.3165 22.175C42.4118 22.3743 42.4638 22.6257 42.4725 22.929C42.4811 23.267 42.4205 23.5747 42.2905 23.852C42.1605 24.1207 41.9741 24.3547 41.7315 24.554C41.4888 24.7447 41.1941 24.8963 40.8475 25.009C40.5008 25.113 40.1151 25.165 39.6905 25.165C38.6765 25.165 37.7838 24.9007 37.0125 24.372L37.2855 22.851C37.9875 23.423 38.7891 23.709 39.6905 23.709C40.0805 23.709 40.3621 23.6483 40.5355 23.527C40.7088 23.397 40.7911 23.2583 40.7825 23.111C40.7738 22.9377 40.6958 22.8163 40.5485 22.747C40.4098 22.669 40.1411 22.5693 39.7425 22.448L39.4045 22.344C39.1878 22.2747 38.9711 22.201 38.7545 22.123C38.5378 22.0363 38.3428 21.9323 38.1695 21.811C38.0048 21.6897 37.8661 21.538 37.7535 21.356C37.6495 21.174 37.5931 20.9487 37.5845 20.68C37.5671 19.9867 37.7968 19.4363 38.2735 19.029C38.7501 18.613 39.4045 18.405 40.2365 18.405C40.5485 18.405 40.9038 18.444 41.3025 18.522C41.7098 18.5913 42.0781 18.717 42.4075 18.899L42.1475 20.368Z"
        fill="white" />
</svg>
    