<svg width="48" height="29" viewBox="0 0 48 29" fill="none" xmlns="http://www.w3.org/2000/svg">
    <path
        d="M6.825 2.041C6.929 2.39633 7.04167 2.79933 7.163 3.25C7.293 3.692 7.42733 4.15133 7.566 4.628C7.71333 5.10467 7.86067 5.58133 8.008 6.058C8.15533 6.53467 8.29833 6.97667 8.437 7.384C8.54967 6.942 8.66233 6.461 8.775 5.941C8.89633 5.421 9.009 4.88367 9.113 4.329C9.217 3.77433 9.31667 3.224 9.412 2.678C9.516 2.12333 9.61133 1.59033 9.698 1.079H11.804C11.5007 2.587 11.1497 4.11667 10.751 5.668C10.361 7.21933 9.93633 8.69267 9.477 10.088H7.618C7.31467 9.256 7.02 8.385 6.734 7.475C6.448 6.55633 6.16633 5.63767 5.889 4.719C5.61167 5.63767 5.33433 6.55633 5.057 7.475C4.77967 8.385 4.48933 9.256 4.186 10.088H2.327C1.86767 8.69267 1.43867 7.21933 1.04 5.668C0.65 4.11667 0.303333 2.587 0 1.079H2.197C2.28367 1.59033 2.379 2.12333 2.483 2.678C2.587 3.224 2.69533 3.77433 2.808 4.329C2.92067 4.88367 3.03333 5.421 3.146 5.941C3.26733 6.461 3.38867 6.942 3.51 7.384C3.666 6.95933 3.81767 6.50867 3.965 6.032C4.11233 5.55533 4.25533 5.07867 4.394 4.602C4.53267 4.12533 4.65833 3.666 4.771 3.224C4.89233 2.782 5.00067 2.38767 5.096 2.041H6.825Z"
        fill="white" />
    <path
        d="M12.2205 6.721C12.2205 6.11433 12.3115 5.58567 12.4935 5.135C12.6842 4.67567 12.9312 4.29433 13.2345 3.991C13.5378 3.68767 13.8845 3.458 14.2745 3.302C14.6732 3.146 15.0805 3.068 15.4965 3.068C16.4672 3.068 17.2342 3.367 17.7975 3.965C18.3608 4.55433 18.6425 5.42533 18.6425 6.578C18.6425 6.69067 18.6382 6.81633 18.6295 6.955C18.6208 7.085 18.6122 7.202 18.6035 7.306H14.2095C14.2528 7.70467 14.4392 8.021 14.7685 8.255C15.0978 8.489 15.5398 8.606 16.0945 8.606C16.4498 8.606 16.7965 8.57567 17.1345 8.515C17.4812 8.44567 17.7628 8.36333 17.9795 8.268L18.2395 9.841C18.1355 9.893 17.9968 9.945 17.8235 9.997C17.6502 10.049 17.4552 10.0923 17.2385 10.127C17.0305 10.1703 16.8052 10.205 16.5625 10.231C16.3198 10.257 16.0772 10.27 15.8345 10.27C15.2192 10.27 14.6818 10.179 14.2225 9.997C13.7718 9.815 13.3948 9.568 13.0915 9.256C12.7968 8.93533 12.5758 8.55833 12.4285 8.125C12.2898 7.69167 12.2205 7.22367 12.2205 6.721ZM16.7705 5.98C16.7618 5.81533 16.7315 5.655 16.6795 5.499C16.6362 5.343 16.5625 5.20433 16.4585 5.083C16.3632 4.96167 16.2375 4.862 16.0815 4.784C15.9342 4.706 15.7478 4.667 15.5225 4.667C15.3058 4.667 15.1195 4.706 14.9635 4.784C14.8075 4.85333 14.6775 4.94867 14.5735 5.07C14.4695 5.19133 14.3872 5.33433 14.3265 5.499C14.2745 5.655 14.2355 5.81533 14.2095 5.98H16.7705Z"
        fill="white" />
    <path
        d="M24.3753 10.27C22.9106 10.27 21.7926 9.86267 21.0213 9.048C20.2586 8.23333 19.8773 7.07633 19.8773 5.577C19.8773 4.83167 19.9943 4.16867 20.2283 3.588C20.4623 2.99867 20.783 2.50467 21.1903 2.106C21.5976 1.69867 22.083 1.391 22.6463 1.183C23.2096 0.975 23.8206 0.871 24.4793 0.871C24.8606 0.871 25.2073 0.901333 25.5193 0.962C25.8313 1.014 26.1043 1.079 26.3383 1.157C26.5723 1.22633 26.7673 1.3 26.9233 1.378C27.0793 1.456 27.192 1.51667 27.2613 1.56L26.6763 3.198C26.399 3.05067 26.074 2.925 25.7013 2.821C25.3373 2.717 24.9213 2.665 24.4533 2.665C24.1413 2.665 23.8336 2.717 23.5303 2.821C23.2356 2.925 22.9713 3.094 22.7373 3.328C22.512 3.55333 22.33 3.848 22.1913 4.212C22.0526 4.576 21.9833 5.018 21.9833 5.538C21.9833 5.954 22.0266 6.344 22.1133 6.708C22.2086 7.06333 22.356 7.371 22.5553 7.631C22.7633 7.891 23.032 8.099 23.3613 8.255C23.6906 8.40233 24.0893 8.476 24.5573 8.476C24.852 8.476 25.1163 8.45867 25.3503 8.424C25.5843 8.38933 25.7923 8.35033 25.9743 8.307C26.1563 8.255 26.3166 8.19867 26.4553 8.138C26.594 8.07733 26.7196 8.021 26.8323 7.969L27.3913 9.594C27.1053 9.76733 26.7023 9.92333 26.1823 10.062C25.6623 10.2007 25.06 10.27 24.3753 10.27Z"
        fill="white" />
    <path
        d="M28.567 10.088V0.312L30.504 0V3.276C30.634 3.23267 30.7987 3.19367 30.998 3.159C31.206 3.11567 31.4053 3.094 31.596 3.094C32.1507 3.094 32.61 3.172 32.974 3.328C33.3467 3.47533 33.6413 3.68767 33.858 3.965C34.0833 4.24233 34.2393 4.57167 34.326 4.953C34.4213 5.33433 34.469 5.759 34.469 6.227V10.088H32.532V6.461C32.532 5.837 32.4497 5.395 32.285 5.135C32.129 4.875 31.8343 4.745 31.401 4.745C31.2277 4.745 31.063 4.76233 30.907 4.797C30.7597 4.823 30.6253 4.85333 30.504 4.888V10.088H28.567Z"
        fill="white" />
    <path
        d="M38.8353 8.736C39.0259 8.736 39.2079 8.73167 39.3813 8.723C39.5546 8.71433 39.6933 8.70133 39.7973 8.684V7.215C39.7193 7.19767 39.6023 7.18033 39.4463 7.163C39.2903 7.14567 39.1473 7.137 39.0173 7.137C38.8353 7.137 38.6619 7.15 38.4973 7.176C38.3413 7.19333 38.2026 7.23233 38.0813 7.293C37.9599 7.35367 37.8646 7.436 37.7953 7.54C37.7259 7.644 37.6913 7.774 37.6913 7.93C37.6913 8.23333 37.7909 8.44567 37.9903 8.567C38.1983 8.67967 38.4799 8.736 38.8353 8.736ZM38.6793 3.068C39.2513 3.068 39.7279 3.133 40.1093 3.263C40.4906 3.393 40.7939 3.57933 41.0193 3.822C41.2533 4.06467 41.4179 4.35933 41.5133 4.706C41.6086 5.05267 41.6563 5.43833 41.6563 5.863V9.893C41.3789 9.95367 40.9933 10.023 40.4993 10.101C40.0053 10.1877 39.4073 10.231 38.7053 10.231C38.2633 10.231 37.8603 10.192 37.4963 10.114C37.1409 10.036 36.8333 9.91033 36.5733 9.737C36.3133 9.555 36.1139 9.321 35.9753 9.035C35.8366 8.749 35.7673 8.398 35.7673 7.982C35.7673 7.58333 35.8453 7.24533 36.0013 6.968C36.1659 6.69067 36.3826 6.46967 36.6513 6.305C36.9199 6.14033 37.2276 6.02333 37.5743 5.954C37.9209 5.876 38.2806 5.837 38.6533 5.837C38.9046 5.837 39.1256 5.85 39.3163 5.876C39.5156 5.89333 39.6759 5.91933 39.7973 5.954V5.772C39.7973 5.44267 39.6976 5.17833 39.4983 4.979C39.2989 4.77967 38.9523 4.68 38.4583 4.68C38.1289 4.68 37.8039 4.706 37.4833 4.758C37.1626 4.80133 36.8853 4.86633 36.6513 4.953L36.4043 3.393C36.5169 3.35833 36.6556 3.32367 36.8203 3.289C36.9936 3.24567 37.1799 3.211 37.3793 3.185C37.5786 3.15033 37.7866 3.12433 38.0033 3.107C38.2286 3.081 38.4539 3.068 38.6793 3.068Z"
        fill="white" />
    <path
        d="M43.3428 1.547L45.2798 1.235V3.25H47.6068V4.862H45.2798V7.267C45.2798 7.67433 45.3491 7.99933 45.4878 8.242C45.6351 8.48467 45.9255 8.606 46.3588 8.606C46.5668 8.606 46.7791 8.58867 46.9958 8.554C47.2211 8.51067 47.4248 8.45433 47.6068 8.385L47.8798 9.893C47.6458 9.98833 47.3858 10.0707 47.0998 10.14C46.8138 10.2093 46.4628 10.244 46.0468 10.244C45.5181 10.244 45.0805 10.1747 44.7338 10.036C44.3871 9.88867 44.1098 9.68933 43.9018 9.438C43.6938 9.178 43.5465 8.866 43.4598 8.502C43.3818 8.138 43.3428 7.735 43.3428 7.293V1.547Z"
        fill="white" />
    <path
        d="M3.484 16.975C4.82733 16.975 5.85867 17.2133 6.578 17.69C7.29733 18.158 7.657 18.9293 7.657 20.004C7.657 21.0873 7.293 21.8717 6.565 22.357C5.837 22.8337 4.797 23.072 3.445 23.072H2.808V26.088H0.78V17.209C1.222 17.1223 1.69 17.0617 2.184 17.027C2.678 16.9923 3.11133 16.975 3.484 16.975ZM3.614 18.704C3.46667 18.704 3.31933 18.7083 3.172 18.717C3.03333 18.7257 2.912 18.7343 2.808 18.743V21.343H3.445C4.147 21.343 4.67567 21.2477 5.031 21.057C5.38633 20.8663 5.564 20.511 5.564 19.991C5.564 19.7397 5.51633 19.5317 5.421 19.367C5.33433 19.2023 5.20433 19.0723 5.031 18.977C4.86633 18.873 4.66267 18.8037 4.42 18.769C4.17733 18.7257 3.90867 18.704 3.614 18.704Z"
        fill="white" />
    <path
        d="M11.3753 24.736C11.566 24.736 11.748 24.7317 11.9213 24.723C12.0946 24.7143 12.2333 24.7013 12.3373 24.684V23.215C12.2593 23.1977 12.1423 23.1803 11.9863 23.163C11.8303 23.1457 11.6873 23.137 11.5573 23.137C11.3753 23.137 11.202 23.15 11.0373 23.176C10.8813 23.1933 10.7426 23.2323 10.6213 23.293C10.5 23.3537 10.4046 23.436 10.3353 23.54C10.266 23.644 10.2313 23.774 10.2313 23.93C10.2313 24.2333 10.331 24.4457 10.5303 24.567C10.7383 24.6797 11.02 24.736 11.3753 24.736ZM11.2193 19.068C11.7913 19.068 12.268 19.133 12.6493 19.263C13.0306 19.393 13.334 19.5793 13.5593 19.822C13.7933 20.0647 13.958 20.3593 14.0533 20.706C14.1486 21.0527 14.1963 21.4383 14.1963 21.863V25.893C13.919 25.9537 13.5333 26.023 13.0393 26.101C12.5453 26.1877 11.9473 26.231 11.2453 26.231C10.8033 26.231 10.4003 26.192 10.0363 26.114C9.68097 26.036 9.3733 25.9103 9.1133 25.737C8.8533 25.555 8.65397 25.321 8.5153 25.035C8.37664 24.749 8.3073 24.398 8.3073 23.982C8.3073 23.5833 8.3853 23.2453 8.5413 22.968C8.70597 22.6907 8.92264 22.4697 9.1913 22.305C9.45997 22.1403 9.76764 22.0233 10.1143 21.954C10.461 21.876 10.8206 21.837 11.1933 21.837C11.4446 21.837 11.6656 21.85 11.8563 21.876C12.0556 21.8933 12.216 21.9193 12.3373 21.954V21.772C12.3373 21.4427 12.2376 21.1783 12.0383 20.979C11.839 20.7797 11.4923 20.68 10.9983 20.68C10.669 20.68 10.344 20.706 10.0233 20.758C9.70264 20.8013 9.4253 20.8663 9.1913 20.953L8.9443 19.393C9.05697 19.3583 9.19564 19.3237 9.3603 19.289C9.53364 19.2457 9.71997 19.211 9.9193 19.185C10.1186 19.1503 10.3266 19.1243 10.5433 19.107C10.7686 19.081 10.994 19.068 11.2193 19.068Z"
        fill="white" />
    <path
        d="M21.8538 19.25C21.4638 20.5673 21.0565 21.8023 20.6318 22.955C20.2071 24.1077 19.7435 25.2257 19.2408 26.309C19.0588 26.699 18.8768 27.0283 18.6948 27.297C18.5128 27.5743 18.3135 27.7997 18.0968 27.973C17.8801 28.155 17.6331 28.285 17.3558 28.363C17.0871 28.4497 16.7708 28.493 16.4068 28.493C16.1035 28.493 15.8218 28.4627 15.5618 28.402C15.3105 28.35 15.1025 28.2893 14.9378 28.22L15.2758 26.673C15.4751 26.7423 15.6528 26.79 15.8088 26.816C15.9648 26.842 16.1295 26.855 16.3028 26.855C16.6495 26.855 16.9138 26.7597 17.0958 26.569C17.2865 26.387 17.4468 26.1313 17.5768 25.802C17.1348 24.9353 16.6928 23.9647 16.2508 22.89C15.8088 21.8067 15.3928 20.5933 15.0028 19.25H17.0568C17.1435 19.588 17.2431 19.9563 17.3558 20.355C17.4771 20.745 17.6028 21.1437 17.7328 21.551C17.8628 21.9497 17.9928 22.3397 18.1228 22.721C18.2615 23.1023 18.3915 23.449 18.5128 23.761C18.6255 23.449 18.7425 23.1023 18.8638 22.721C18.9851 22.3397 19.1021 21.9497 19.2148 21.551C19.3361 21.1437 19.4488 20.745 19.5528 20.355C19.6655 19.9563 19.7651 19.588 19.8518 19.25H21.8538Z"
        fill="white" />
</svg>
    